1 0.500000 0.069546 1.000000 0.056125
1 0.500000 0.199610 1.000000 0.040020
1 0.500000 0.306979 1.000000 0.092728
1 0.555472 0.260127 0.022693 0.011713
1 0.565305 0.298438 0.036309 0.042460
1 0.106657 0.341874 0.023701 0.006345
1 0.500000 0.460713 1.000000 0.024402
1 0.148008 0.474622 0.025719 0.005368
1 0.640948 0.490971 0.062532 0.009761
1 0.821735 0.487311 0.027736 0.005368
1 0.874937 0.475842 0.041351 0.008785
1 0.891074 0.485115 0.033283 0.005857
1 0.917801 0.473646 0.022189 0.005368
1 0.953858 0.488531 0.086233 0.016593
1 0.500000 0.754270 1.000000 0.491459
1 0.556984 0.503660 0.024710 0.005857
1 0.646495 0.510493 0.084720 0.018546
1 0.640948 0.499024 0.030257 0.005368
1 0.750883 0.514641 0.047403 0.008297
1 0.857539 0.503416 0.044881 0.010249
1 0.871407 0.512933 0.041351 0.007809
1 0.943772 0.505857 0.112456 0.011225
1 0.900908 0.497560 0.026727 0.006345
1 0.170953 0.529771 0.049420 0.010249
1 0.225668 0.530503 0.038830 0.005857
1 0.519667 0.533919 0.037821 0.006833
1 0.568331 0.529771 0.051437 0.010249
1 0.769037 0.519034 0.029249 0.006345
1 0.103379 0.549292 0.035300 0.006345
1 0.116490 0.543924 0.037317 0.008297
1 0.303328 0.544656 0.070096 0.010737
1 0.054967 0.682284 0.035300 0.005857
1 0.065557 0.670083 0.037317 0.005857