1 0.019943 0.039216 0.030118 0.032295
1 0.077534 0.045559 0.049247 0.044983
1 0.151404 0.038927 0.056980 0.034025
1 0.216321 0.037486 0.033781 0.034602
1 0.282662 0.040081 0.051689 0.035179
1 0.264754 0.016724 0.014245 0.006920
1 0.350020 0.037486 0.043142 0.028835
1 0.401913 0.034314 0.029711 0.037486
1 0.449532 0.038351 0.040293 0.039792
1 0.506512 0.043829 0.035409 0.047290
1 0.556777 0.037774 0.028490 0.034025
1 0.604803 0.039504 0.047212 0.039792
1 0.666870 0.038927 0.053317 0.034025
1 0.717745 0.037486 0.030525 0.032295
1 0.749898 0.023068 0.013431 0.010381
1 0.874440 0.043253 0.032967 0.033449
1 0.915547 0.048731 0.040293 0.044406
1 0.968050 0.044694 0.032967 0.044406
1 0.765975 0.046136 0.053724 0.032295
1 0.824379 0.044983 0.045177 0.026528
1 0.014449 0.128028 0.028083 0.042676
1 0.071836 0.121972 0.051689 0.032872
1 0.122100 0.100346 0.013838 0.008074
1 0.127188 0.119089 0.020757 0.028258
1 0.181726 0.113899 0.058201 0.040946
1 0.270248 0.115917 0.080586 0.034602
1 0.373626 0.116494 0.089540 0.033449
1 0.454212 0.110150 0.037444 0.029988
1 0.497354 0.109285 0.014652 0.021338
1 0.540700 0.111880 0.034595 0.025375
1 0.590558 0.118224 0.021978 0.024221
1 0.657306 0.119377 0.078144 0.035755
1 0.747049 0.108997 0.065527 0.036909
1 0.820513 0.118512 0.055352 0.040946
1 0.893569 0.111015 0.041921 0.036332
1 0.942002 0.112457 0.024827 0.039216
1 0.749898 0.195213 0.057387 0.046713
1 0.019536 0.203864 0.031746 0.032872
1 0.078551 0.213091 0.061864 0.046713
1 0.152422 0.208189 0.052503 0.040369
1 0.210826 0.202134 0.029304 0.034025
1 0.255800 0.199539 0.032153 0.032295
1 0.314815 0.202999 0.054131 0.029988
1 0.396418 0.204152 0.069190 0.053057
1 0.477004 0.202134 0.058608 0.046713
1 0.537241 0.194637 0.033374 0.034025
1 0.586081 0.196078 0.044770 0.029988
1 0.629833 0.194637 0.024827 0.025952
1 0.625356 0.176471 0.014245 0.006920
1 0.682540 0.197232 0.051282 0.031142
1 0.827635 0.196943 0.061457 0.031719
1 0.895197 0.194060 0.041921 0.024798
1 0.952584 0.191753 0.050061 0.031719
1 0.575092 0.274221 0.035816 0.035179
1 0.645503 0.274798 0.070818 0.043253
1 0.744200 0.275663 0.089947 0.044983
1 0.816850 0.271915 0.033374 0.035179
1 0.864469 0.272203 0.044770 0.035755
1 0.929589 0.271338 0.053724 0.029412
1 0.021978 0.290946 0.033374 0.035179
1 0.080993 0.291522 0.047212 0.036332
1 0.095442 0.277393 0.015873 0.006920
1 0.129833 0.295559 0.021978 0.027105
1 0.175214 0.287197 0.038665 0.033449
1 0.230769 0.285179 0.051282 0.034025
1 0.314815 0.293253 0.085063 0.047866
1 0.389703 0.283737 0.041107 0.028835
1 0.448921 0.277682 0.035002 0.029412
1 0.493081 0.281142 0.032967 0.032872
1 0.530729 0.280277 0.026048 0.029988
1 0.315425 0.358420 0.044770 0.032872
1 0.360806 0.347174 0.014245 0.008074
1 0.403541 0.356113 0.035409 0.032872
1 0.446479 0.350058 0.030118 0.033449
1 0.503867 0.347463 0.056166 0.031719
1 0.561457 0.348616 0.028897 0.032872
1 0.605006 0.345444 0.041107 0.032295
1 0.649573 0.344002 0.022792 0.025952
1 0.645910 0.325260 0.013838 0.008074
1 0.683354 0.340254 0.029304 0.032295
1 0.731787 0.341119 0.047212 0.030565
1 0.775946 0.343137 0.025641 0.033449
1 0.813390 0.344579 0.022385 0.023645
1 0.858160 0.345732 0.052503 0.040946
1 0.916361 0.341696 0.038665 0.023645
1 0.025641 0.368512 0.048026 0.036909
1 0.090965 0.374567 0.051689 0.025952
1 0.173789 0.367647 0.098494 0.031719
1 0.261701 0.361880 0.045584 0.031719
1 0.363248 0.365917 0.019943 0.028258
1 0.898860 0.405709 0.015059 0.006344
1 0.970289 0.424164 0.035816 0.043253
1 0.217745 0.450115 0.025234 0.036332
1 0.316443 0.446943 0.027269 0.036909
1 0.361620 0.447232 0.043549 0.036332
1 0.410256 0.440888 0.031746 0.043253
1 0.477411 0.441176 0.071632 0.044983
1 0.539276 0.441753 0.021978 0.026528
1 0.586691 0.431949 0.037037 0.033449
1 0.641026 0.435409 0.047212 0.025375
1 0.697192 0.431373 0.036630 0.039216
1 0.753358 0.425606 0.058608 0.031142
1 0.811762 0.425029 0.033781 0.032295
1 0.892959 0.425029 0.097680 0.041522
1 0.037037 0.459631 0.060236 0.032295
1 0.105210 0.457036 0.044363 0.038639
1 0.165446 0.454152 0.045177 0.029412
1 0.264754 0.453864 0.046805 0.031142
1 0.168498 0.536044 0.089540 0.039792
1 0.293040 0.534025 0.033374 0.034602
1 0.332112 0.528547 0.020350 0.023645
1 0.387057 0.526240 0.046398 0.035179
1 0.447700 0.517013 0.042328 0.036332
1 0.495726 0.519031 0.025234 0.032295
1 0.530729 0.519031 0.021978 0.024221
1 0.590354 0.523645 0.074481 0.038062
1 0.683557 0.514129 0.079365 0.036332
1 0.771062 0.516724 0.051689 0.032295
1 0.819495 0.516148 0.021571 0.024221
1 0.867928 0.513552 0.060643 0.032872
1 0.930403 0.510092 0.036630 0.031719
1 0.034188 0.540081 0.059422 0.037486
1 0.092593 0.537486 0.033781 0.033449
1 0.244811 0.539216 0.027269 0.033449
1 0.829263 0.591696 0.038665 0.031142
1 0.875051 0.587947 0.026048 0.034025
1 0.935897 0.594291 0.064713 0.044406
1 0.030932 0.616205 0.049654 0.040946
1 0.096256 0.615917 0.072039 0.033449
1 0.168295 0.617647 0.038665 0.033449
1 0.232397 0.620819 0.058608 0.035179
1 0.240334 0.597174 0.013431 0.008651
1 0.334961 0.612457 0.110704 0.035755
1 0.317867 0.589100 0.014652 0.007497
1 0.422466 0.609862 0.028490 0.028258
1 0.483516 0.611015 0.074074 0.047866
1 0.556777 0.600634 0.038258 0.030565
1 0.613960 0.604383 0.052503 0.042676
1 0.676231 0.598616 0.037851 0.036909
1 0.666667 0.580450 0.013838 0.006344
1 0.718763 0.592849 0.022792 0.029988
1 0.765771 0.593137 0.050061 0.031719
1 0.818478 0.679642 0.039072 0.035179
1 0.890110 0.678777 0.065934 0.042676
1 0.026252 0.707036 0.035409 0.033449
1 0.095035 0.704729 0.080179 0.042676
1 0.172772 0.699539 0.034595 0.032295
1 0.234636 0.700692 0.074481 0.035755
1 0.311152 0.699539 0.048433 0.033449
1 0.359585 0.696078 0.025641 0.028835
1 0.395197 0.693195 0.033374 0.034602
1 0.445258 0.695502 0.036630 0.033449
1 0.501221 0.695213 0.056573 0.046713
1 0.565934 0.694060 0.044363 0.042099
1 0.624135 0.687716 0.043549 0.037486
1 0.685389 0.689446 0.048840 0.034025
1 0.690476 0.671857 0.014245 0.008074
1 0.752951 0.684544 0.057794 0.042676
1 0.955637 0.680219 0.051282 0.032872
1 0.014449 0.782007 0.024013 0.034602
1 0.065731 0.782295 0.049247 0.035179
1 0.123118 0.793829 0.035409 0.035179
1 0.180708 0.791234 0.042328 0.046136
1 0.245218 0.787197 0.045991 0.032295
1 0.318071 0.781719 0.062271 0.043253
1 0.392348 0.777970 0.047212 0.034602
1 0.448718 0.776817 0.037037 0.041522
1 0.500204 0.779988 0.037444 0.032872
1 0.546805 0.782584 0.035409 0.040369
1 0.594831 0.779700 0.031339 0.028835
1 0.665039 0.782872 0.071632 0.052480
1 0.737892 0.777105 0.036630 0.035179
1 0.793040 0.774221 0.028897 0.032872
1 0.835979 0.771338 0.027676 0.025952
1 0.879935 0.775087 0.041514 0.026528
1 0.937322 0.771626 0.043956 0.041522
1 0.020147 0.861880 0.038665 0.038639
1 0.009565 0.843714 0.014245 0.006920
1 0.061661 0.865629 0.019943 0.026528
1 0.132886 0.871396 0.080179 0.049596
1 0.223240 0.875721 0.067155 0.036332
1 0.290802 0.871396 0.040293 0.033449
1 0.363248 0.873702 0.061457 0.046136
1 0.431217 0.867070 0.047619 0.039792
1 0.484127 0.866205 0.025641 0.034602
1 0.524624 0.864764 0.030118 0.032872
1 0.589133 0.872261 0.076109 0.049020
1 0.681319 0.864764 0.052096 0.034025
1 0.744607 0.859285 0.043549 0.040369
1 0.801994 0.856401 0.051689 0.034602
1 0.858771 0.856978 0.030932 0.033449
1 0.915547 0.857266 0.052503 0.039792
1 0.974969 0.865052 0.050061 0.035755
1 0.020961 0.940600 0.038665 0.034602
1 0.079772 0.954729 0.053724 0.034025
1 0.172365 0.954441 0.089133 0.041522
1 0.282458 0.970012 0.078958 0.042676
1 0.379935 0.965110 0.062271 0.037486
1 0.442816 0.958189 0.032560 0.032872
1 0.480667 0.962803 0.034188 0.036332
1 0.543346 0.964821 0.067562 0.039216
1 0.619048 0.961361 0.048026 0.040369
1 0.738502 0.967416 0.058201 0.044406
1 0.958486 0.963668 0.030118 0.031142
1 0.676638 0.967705 0.049247 0.032295
1 0.798942 0.969435 0.036630 0.032295
1 0.849206 0.972030 0.049247 0.031719
1 0.905983 0.969146 0.046398 0.034025