1 0.028108 0.034278 0.056215 0.028351
1 0.112233 0.041237 0.075614 0.036082
1 0.333531 0.039433 0.069279 0.030412
1 0.320071 0.025258 0.013856 0.007216
1 0.417260 0.044072 0.060174 0.044845
1 0.476445 0.035567 0.028108 0.024742
1 0.539786 0.035052 0.073238 0.034021
1 0.619755 0.032216 0.046318 0.023196
1 0.699129 0.038144 0.087094 0.045361
1 0.772367 0.038918 0.046714 0.030412
1 0.834917 0.027577 0.053048 0.035567
1 0.892914 0.028351 0.043943 0.028866
1 0.936065 0.034536 0.042359 0.024742
1 0.172209 0.042010 0.024545 0.031443
1 0.218725 0.046392 0.051861 0.038144
1 0.274941 0.043557 0.029691 0.032474
1 0.022169 0.101031 0.043547 0.034021
1 0.080364 0.105928 0.059382 0.039691
1 0.158155 0.103866 0.081156 0.029381
1 0.262866 0.110309 0.104513 0.039175
1 0.336896 0.104639 0.031671 0.030928
1 0.412114 0.104381 0.072051 0.041753
1 0.490103 0.100000 0.063341 0.029897
1 0.549089 0.101031 0.030879 0.029897
1 0.613420 0.099227 0.069279 0.029381
1 0.686659 0.099485 0.051069 0.038144
1 0.739707 0.093557 0.040776 0.029381
1 0.782858 0.102577 0.028899 0.030928
1 0.860847 0.100258 0.109660 0.040722
1 0.959224 0.101031 0.073634 0.041237
1 0.358274 0.122680 0.014252 0.007216
1 0.294141 0.165722 0.029295 0.027320
1 0.367379 0.169845 0.093428 0.038660
1 0.448139 0.163660 0.049881 0.031443
1 0.493072 0.167268 0.032067 0.026289
1 0.546516 0.172165 0.055028 0.041237
1 0.627276 0.160567 0.085907 0.036598
1 0.694378 0.163918 0.033254 0.025773
1 0.764252 0.171134 0.089865 0.048454
1 0.849367 0.161340 0.051069 0.026804
1 0.920823 0.159536 0.072842 0.034536
1 0.951504 0.145361 0.014648 0.006186
1 0.034442 0.178608 0.061758 0.035567
1 0.123120 0.175258 0.091053 0.031959
1 0.195764 0.173969 0.032858 0.023196
1 0.245447 0.170876 0.047506 0.029381
1 0.539984 0.223454 0.071259 0.039691
1 0.043943 0.243041 0.081552 0.035567
1 0.116983 0.240206 0.041568 0.032990
1 0.178147 0.241495 0.061758 0.034536
1 0.238717 0.243814 0.037213 0.026804
1 0.300871 0.247165 0.059382 0.036598
1 0.370942 0.233247 0.053048 0.034536
1 0.434283 0.225773 0.030879 0.028866
1 0.472090 0.227062 0.024149 0.025258
1 0.481394 0.212371 0.017419 0.007216
1 0.628662 0.235567 0.073634 0.048454
1 0.721298 0.228093 0.088678 0.042784
1 0.788005 0.243557 0.028899 0.037629
1 0.828979 0.237887 0.041172 0.031443
1 0.904988 0.240464 0.086302 0.038660
1 0.969715 0.235309 0.023357 0.022165
1 0.976643 0.216753 0.014252 0.007732
1 0.636580 0.282474 0.015835 0.007216
1 0.797902 0.305670 0.051861 0.045361
1 0.860649 0.301289 0.052257 0.037629
1 0.020388 0.311598 0.038401 0.040722
1 0.080760 0.309021 0.055424 0.031443
1 0.145487 0.315979 0.053444 0.026804
1 0.237530 0.316495 0.103721 0.032990
1 0.329572 0.321907 0.061362 0.039691
1 0.395487 0.311082 0.033254 0.034536
1 0.452494 0.308505 0.042755 0.031443
1 0.507918 0.315722 0.060966 0.040722
1 0.566112 0.306701 0.045922 0.031959
1 0.618171 0.304381 0.047902 0.035567
1 0.677751 0.302062 0.039588 0.036082
1 0.730800 0.312629 0.058591 0.043814
1 0.919834 0.303866 0.043151 0.033505
1 0.972882 0.311082 0.043151 0.045876
1 0.725851 0.374485 0.047902 0.035567
1 0.854117 0.373711 0.058195 0.029897
1 0.911322 0.366753 0.032462 0.032474
1 0.963975 0.377320 0.062549 0.044330
1 0.039192 0.384794 0.067300 0.037629
1 0.099960 0.388402 0.029691 0.031443
1 0.171219 0.400258 0.088282 0.044845
1 0.246635 0.397423 0.035629 0.029897
1 0.310372 0.391753 0.042755 0.028866
1 0.367973 0.400000 0.056611 0.047423
1 0.441607 0.391495 0.070863 0.040722
1 0.511085 0.388918 0.037213 0.035567
1 0.566310 0.389433 0.050277 0.030412
1 0.627672 0.382732 0.051861 0.031443
1 0.674782 0.377835 0.023357 0.030928
1 0.784046 0.381186 0.059778 0.029381
1 0.526326 0.450000 0.043943 0.027835
1 0.588480 0.452320 0.059778 0.030412
1 0.656572 0.448711 0.042359 0.032474
1 0.730800 0.455928 0.079177 0.038660
1 0.795922 0.447938 0.028899 0.028866
1 0.835115 0.452062 0.027316 0.030928
1 0.873713 0.444588 0.047506 0.032474
1 0.931710 0.454124 0.053444 0.034021
1 0.021971 0.456443 0.036025 0.032474
1 0.078187 0.461082 0.041568 0.041753
1 0.148654 0.463144 0.066904 0.038660
1 0.217538 0.465206 0.031275 0.035567
1 0.273753 0.457990 0.047110 0.031443
1 0.290380 0.441495 0.015439 0.006701
1 0.323832 0.455928 0.034838 0.024227
1 0.375891 0.456701 0.051861 0.030928
1 0.458630 0.456959 0.065321 0.037629
1 0.981394 0.461598 0.037213 0.037629
1 0.045724 0.534536 0.083531 0.040206
1 0.172209 0.537887 0.057007 0.050000
1 0.352534 0.528093 0.038401 0.030412
1 0.476445 0.527320 0.054236 0.031959
1 0.533452 0.525773 0.028108 0.032990
1 0.599367 0.513918 0.065717 0.038144
1 0.667854 0.525773 0.053840 0.045361
1 0.740499 0.516753 0.051069 0.040722
1 0.797110 0.512629 0.046318 0.027320
1 0.857680 0.510309 0.055819 0.037113
1 0.907165 0.513402 0.024149 0.034021
1 0.945962 0.518041 0.053444 0.031959
1 0.115796 0.535309 0.029691 0.027320
1 0.248219 0.535309 0.062549 0.037629
1 0.304434 0.535567 0.031671 0.028866
1 0.407759 0.539175 0.061758 0.042268
1 0.310570 0.594072 0.014648 0.005670
1 0.367577 0.613144 0.062945 0.043814
1 0.532462 0.607216 0.028504 0.031959
1 0.623713 0.602062 0.039984 0.035052
1 0.682106 0.600258 0.053048 0.043814
1 0.745645 0.597938 0.045527 0.034021
1 0.834521 0.600515 0.102930 0.036082
1 0.923990 0.597165 0.053840 0.038660
1 0.974466 0.593299 0.034442 0.028866
1 0.018409 0.619330 0.034442 0.036598
1 0.072447 0.616495 0.049089 0.025773
1 0.131433 0.616237 0.046714 0.026289
1 0.191013 0.615722 0.050277 0.032474
1 0.252771 0.608505 0.043943 0.031443
1 0.297506 0.612371 0.035234 0.025773
1 0.451900 0.613660 0.100950 0.037629
1 0.576801 0.605670 0.037213 0.025773
1 0.466152 0.676031 0.025732 0.033505
1 0.503167 0.674742 0.038005 0.034021
1 0.566706 0.686598 0.090657 0.047423
1 0.644893 0.688918 0.030879 0.039691
1 0.714371 0.684536 0.087490 0.043299
1 0.782858 0.671907 0.032067 0.027320
1 0.839272 0.677062 0.057799 0.043814
1 0.932898 0.669330 0.112827 0.033505
1 0.032264 0.702577 0.064529 0.032990
1 0.098971 0.698711 0.029295 0.033505
1 0.144101 0.678093 0.014252 0.005670
1 0.149446 0.703866 0.024149 0.040722
1 0.208828 0.701804 0.059778 0.035567
1 0.296714 0.689175 0.066904 0.029897
1 0.385986 0.685567 0.070467 0.029897
1 0.766825 0.738660 0.042755 0.035052
1 0.343824 0.758505 0.056611 0.035567
1 0.407957 0.753093 0.033650 0.024742
1 0.449525 0.750258 0.023357 0.030412
1 0.492676 0.750515 0.027316 0.034021
1 0.558789 0.762371 0.088282 0.038144
1 0.669834 0.750258 0.101346 0.033505
1 0.781077 0.724485 0.015044 0.005670
1 0.819675 0.746134 0.041568 0.033505
1 0.900633 0.738918 0.091845 0.034536
1 0.975059 0.753866 0.049089 0.046907
1 0.022763 0.770361 0.039192 0.038660
1 0.077989 0.779381 0.049089 0.036082
1 0.142122 0.774227 0.062549 0.035052
1 0.214173 0.769845 0.053840 0.043814
1 0.276524 0.761082 0.051069 0.027320
1 0.919042 0.820103 0.056611 0.044330
1 0.039786 0.846907 0.079572 0.046392
1 0.171021 0.844330 0.059382 0.047423
1 0.236144 0.836856 0.045527 0.025258
1 0.297902 0.834021 0.052652 0.026804
1 0.376880 0.826546 0.075218 0.039691
1 0.455463 0.825515 0.062154 0.038660
1 0.528504 0.822423 0.062549 0.029381
1 0.600356 0.822680 0.061362 0.039175
1 0.673595 0.818041 0.065321 0.032990
1 0.739509 0.828093 0.041964 0.036598
1 0.823436 0.830928 0.104513 0.042268
1 0.975653 0.823711 0.046318 0.049485
1 0.109660 0.845361 0.042755 0.034021
1 0.547902 0.887629 0.045131 0.034021
1 0.566706 0.868814 0.015439 0.007732
1 0.638757 0.892268 0.107284 0.045361
1 0.755146 0.892784 0.087490 0.049485
1 0.859660 0.885567 0.093032 0.034021
1 0.946358 0.887371 0.071655 0.040722
1 0.034442 0.899485 0.065717 0.034021
1 0.108274 0.895619 0.055028 0.030412
1 0.178939 0.901289 0.048298 0.035567
1 0.259699 0.899227 0.090261 0.034536
1 0.360649 0.900515 0.065717 0.037113
1 0.457047 0.895876 0.087490 0.038144
1 0.054434 0.968814 0.096991 0.036598
1 0.148852 0.968299 0.051465 0.038660
1 0.223872 0.968557 0.072447 0.038144
1 0.330364 0.968041 0.098575 0.038144
1 0.522961 0.969330 0.071259 0.041753
1 0.601940 0.962113 0.036025 0.034536
1 0.653603 0.961598 0.053048 0.033505
1 0.657165 0.949227 0.014252 0.007732
1 0.720507 0.965464 0.050673 0.039175
1 0.800079 0.967784 0.075218 0.030412
1 0.858076 0.963144 0.041568 0.031443
1 0.905384 0.957990 0.031671 0.030412
1 0.955661 0.958763 0.049089 0.031959
1 0.433294 0.970619 0.064529 0.030928