1 0.057223 0.500000 0.114447 1.000000
1 0.613884 0.445620 0.772233 0.891240
1 0.154597 0.069665 0.039775 0.034685
1 0.224203 0.073780 0.061163 0.034685
1 0.316698 0.084362 0.058537 0.048795
1 0.402064 0.104644 0.069418 0.047031
1 0.396998 0.085244 0.018011 0.008230
1 0.048030 0.128748 0.037523 0.050558
1 0.490244 0.118460 0.056660 0.045267
1 0.116510 0.141681 0.086679 0.044680
1 0.212758 0.149324 0.048030 0.041152
1 0.280113 0.159612 0.056660 0.039389
1 0.561351 0.137566 0.054034 0.034098
1 0.624390 0.148442 0.043527 0.034685
1 0.694559 0.159612 0.070544 0.041740
1 0.359287 0.171958 0.069418 0.048795
1 0.439024 0.177543 0.051032 0.043504
1 0.508068 0.199588 0.051782 0.051146
1 0.776923 0.168724 0.071670 0.035273
1 0.858161 0.167842 0.069794 0.035861
1 0.063602 0.216049 0.076923 0.053498
1 0.580113 0.206349 0.055535 0.037625
1 0.632083 0.211346 0.029644 0.032334
1 0.669794 0.218107 0.037523 0.031746
1 0.157598 0.229277 0.078799 0.034098
1 0.228330 0.228395 0.043902 0.035861
1 0.296435 0.239271 0.057786 0.038801
1 0.358349 0.247795 0.050281 0.037037
1 0.415572 0.249559 0.046904 0.033510
1 0.717636 0.226925 0.036398 0.034098
1 0.756473 0.235450 0.036023 0.034685
1 0.801126 0.238389 0.051032 0.032334
1 0.859287 0.239565 0.045779 0.034685
1 0.062101 0.295708 0.070169 0.063492
1 0.495122 0.264844 0.076923 0.040564
1 0.572608 0.274838 0.052533 0.040564
1 0.636210 0.279835 0.046904 0.038801
1 0.136398 0.295121 0.049156 0.036449
1 0.208068 0.298648 0.058161 0.042328
1 0.288555 0.302469 0.060788 0.046443
1 0.700938 0.293651 0.055535 0.038213
1 0.770169 0.304527 0.055910 0.042328
1 0.836023 0.303939 0.062289 0.032922
1 0.901501 0.297472 0.057411 0.031746
1 0.342214 0.315697 0.030769 0.029394
1 0.392871 0.322457 0.051032 0.033510
1 0.438086 0.325397 0.028893 0.028807
1 0.509756 0.333039 0.100188 0.034685
1 0.587805 0.339506 0.043152 0.038213
1 0.049531 0.362728 0.043527 0.038801
1 0.096435 0.356555 0.015009 0.032334
1 0.126266 0.359200 0.035647 0.025867
1 0.167355 0.362434 0.028518 0.028807
1 0.216886 0.365079 0.043527 0.035273
1 0.285929 0.365373 0.045028 0.037037
1 0.634897 0.347149 0.040525 0.031158
1 0.683490 0.353028 0.048405 0.045267
1 0.731520 0.361846 0.040150 0.033510
1 0.768480 0.367431 0.029268 0.030570
1 0.805253 0.364785 0.044278 0.028807
1 0.844465 0.362434 0.022889 0.027631
1 0.880488 0.366255 0.040901 0.035273
1 0.338649 0.374192 0.040901 0.037037
1 0.379362 0.380071 0.030019 0.028807
1 0.423265 0.379483 0.029268 0.031158
1 0.485929 0.390359 0.081051 0.037625
1 0.581989 0.401235 0.099812 0.037037
1 0.656285 0.401529 0.033771 0.032922
1 0.708818 0.420341 0.036773 0.042328
1 0.762289 0.429159 0.058161 0.042328
1 0.865291 0.424456 0.045779 0.030570
1 0.902814 0.418871 0.026266 0.033510
1 0.044841 0.437978 0.043902 0.039976
1 0.094371 0.445914 0.028893 0.029982
1 0.153846 0.442093 0.066041 0.037625
1 0.234897 0.452381 0.057786 0.047619
1 0.309006 0.455320 0.061163 0.046443
1 0.381426 0.452969 0.046154 0.035861
1 0.445591 0.457966 0.059662 0.038801
1 0.819325 0.431511 0.034146 0.037625
1 0.523077 0.465315 0.060788 0.038213
1 0.589118 0.474133 0.060038 0.040564
1 0.660788 0.473545 0.068293 0.037037
1 0.736585 0.491182 0.052533 0.048795
1 0.056848 0.513815 0.070169 0.038801
1 0.145591 0.516461 0.060038 0.046443
1 0.215947 0.516461 0.045403 0.044092
1 0.275985 0.519400 0.048405 0.046443
1 0.806379 0.492945 0.063039 0.037037
1 0.895497 0.490594 0.088931 0.033510
1 0.342026 0.521458 0.049156 0.041152
1 0.394184 0.535273 0.037148 0.048795
1 0.443340 0.524397 0.040150 0.037625
1 0.509193 0.532040 0.078799 0.041152
1 0.593809 0.541446 0.068668 0.050558
1 0.670732 0.543210 0.055159 0.038801
1 0.733396 0.549383 0.049156 0.034685
1 0.799437 0.553792 0.056660 0.034098
1 0.859287 0.557613 0.042026 0.038213
1 0.920826 0.549677 0.073546 0.034098
1 0.171482 0.594062 0.086304 0.052322
1 0.265478 0.589359 0.058161 0.042916
1 0.333771 0.591123 0.052158 0.039389
1 0.401126 0.601705 0.063790 0.042916
1 0.472045 0.599941 0.046529 0.035861
1 0.530394 0.600235 0.058912 0.036449
1 0.608443 0.604350 0.070919 0.043504
1 0.681051 0.610229 0.052533 0.041152
1 0.753096 0.614638 0.071295 0.045267
1 0.828705 0.619636 0.064165 0.044680
1 0.884803 0.616696 0.040525 0.034098
1 0.934334 0.608760 0.046529 0.033510
1 0.053846 0.657554 0.071670 0.039389
1 0.133771 0.669312 0.058161 0.047619
1 0.205816 0.671370 0.037148 0.050558
1 0.283302 0.671958 0.087805 0.044680
1 0.379925 0.673133 0.082176 0.044680
1 0.471670 0.674603 0.072045 0.045267
1 0.551032 0.681952 0.055910 0.041152
1 0.611632 0.683128 0.036023 0.036449
1 0.666417 0.686949 0.058537 0.041740
1 0.725891 0.686655 0.046154 0.039976
1 0.781426 0.690182 0.048405 0.035273
1 0.828893 0.689594 0.038274 0.030570
1 0.874296 0.689300 0.048780 0.033510
1 0.933959 0.678424 0.054034 0.034098
1 0.059099 0.736332 0.081426 0.048795
1 0.169981 0.738389 0.087805 0.039976
1 0.268668 0.744562 0.077298 0.048795
1 0.366792 0.741035 0.091182 0.041740
1 0.452720 0.742504 0.038649 0.037625
1 0.521576 0.745444 0.064540 0.037625
1 0.591745 0.749559 0.053283 0.038801
1 0.657974 0.758083 0.061163 0.037037
1 0.724953 0.761611 0.045028 0.037037
1 0.802251 0.768959 0.087054 0.049383
1 0.874109 0.759259 0.042402 0.034685
1 0.931895 0.753968 0.059662 0.035861
1 0.052158 0.817754 0.070544 0.055262
1 0.488931 0.814521 0.063039 0.042916
1 0.139400 0.826867 0.046154 0.046443
1 0.197561 0.823927 0.052158 0.038213
1 0.264728 0.819224 0.063415 0.040564
1 0.342777 0.825985 0.041651 0.047031
1 0.359287 0.803057 0.014634 0.007055
1 0.413321 0.820988 0.067167 0.047619
1 0.563227 0.817166 0.075797 0.036449
1 0.561163 0.801587 0.021388 0.006467
1 0.644278 0.820106 0.062289 0.038801
1 0.700938 0.817166 0.038274 0.034098
1 0.736023 0.821576 0.026642 0.032334
1 0.803189 0.834215 0.072420 0.054086
1 0.882552 0.826867 0.066041 0.040564
1 0.943715 0.827160 0.042777 0.031746
1 0.055347 0.903586 0.082927 0.048207
1 0.296435 0.901235 0.083302 0.042328
1 0.385929 0.895944 0.055159 0.039976
1 0.456098 0.891534 0.056660 0.035861
1 0.534146 0.894474 0.077674 0.041740
1 0.620826 0.885655 0.072420 0.040564
1 0.692683 0.885949 0.050281 0.035273
1 0.754034 0.890947 0.065666 0.040564
1 0.831332 0.892416 0.070169 0.038801
1 0.902439 0.893886 0.068293 0.037037
1 0.959099 0.895062 0.032270 0.029982
1 0.150281 0.912992 0.061163 0.056437
1 0.222139 0.909171 0.050281 0.037037
1 0.996435 0.899177 0.007129 0.013521
1 0.039587 0.982069 0.049906 0.035861
1 0.293621 0.982363 0.054409 0.035273
1 0.340338 0.981775 0.029268 0.036449
1 0.415385 0.979130 0.098311 0.040564
1 0.508443 0.967078 0.071295 0.037625
1 0.597186 0.967666 0.079174 0.049383
1 0.681989 0.963845 0.048405 0.038213
1 0.742026 0.964727 0.065666 0.047031
1 0.816135 0.964727 0.055535 0.037625
1 0.879362 0.964727 0.058912 0.030570
1 0.946717 0.962081 0.058537 0.031158
1 0.116886 0.986185 0.070169 0.027631
1 0.207505 0.986479 0.083302 0.027043