1 0.456740 0.500000 0.913480 1.000000
1 0.961568 0.242903 0.076864 0.485806
1 0.917343 0.053026 0.026265 0.032137
1 0.858246 0.083021 0.061027 0.039636
1 0.944766 0.091591 0.055620 0.043921
1 0.754732 0.114890 0.030900 0.023032
1 0.800502 0.104446 0.046736 0.029995
1 0.895713 0.119979 0.042487 0.029995
1 0.658749 0.142475 0.035149 0.032137
1 0.703940 0.132566 0.045191 0.026245
1 0.844535 0.142475 0.040556 0.029995
1 0.115295 0.170862 0.030514 0.033208
1 0.483778 0.173540 0.035921 0.028923
1 0.532252 0.159614 0.044805 0.023567
1 0.572422 0.152116 0.033217 0.022496
1 0.617806 0.148902 0.043646 0.026781
1 0.718424 0.170595 0.041715 0.031601
1 0.758594 0.172201 0.030900 0.031601
1 0.797992 0.156668 0.036307 0.024103
1 0.886250 0.180236 0.062959 0.047670
1 0.158169 0.193091 0.047509 0.030530
1 0.373117 0.190412 0.039397 0.021960
1 0.409811 0.184521 0.018540 0.018747
1 0.443608 0.178897 0.038239 0.023567
1 0.583237 0.196572 0.051757 0.029995
1 0.656624 0.188806 0.072615 0.025174
1 0.221900 0.202732 0.053689 0.029459
1 0.272499 0.205678 0.028969 0.025710
1 0.320780 0.206749 0.047509 0.023567
1 0.436462 0.227906 0.052530 0.031601
1 0.496138 0.217193 0.050599 0.030530
1 0.540363 0.202464 0.020857 0.021425
1 0.757822 0.225495 0.061027 0.032137
1 0.822518 0.208891 0.044419 0.027852
1 0.934917 0.225228 0.033604 0.031601
1 0.164735 0.245581 0.044419 0.027317
1 0.248358 0.253615 0.054075 0.026245
1 0.316338 0.252544 0.058710 0.035886
1 0.374662 0.240225 0.047895 0.028388
1 0.582271 0.251473 0.058324 0.029459
1 0.646389 0.245581 0.052916 0.030530
1 0.701236 0.230852 0.035921 0.025710
1 0.872731 0.250670 0.070684 0.046063
1 0.204519 0.250670 0.020471 0.018211
1 0.462727 0.271826 0.055620 0.028388
1 0.523368 0.262721 0.047122 0.023032
1 0.768250 0.275308 0.053302 0.027852
1 0.814407 0.261382 0.027424 0.026781
1 0.931827 0.274237 0.026651 0.028923
1 0.158169 0.295929 0.035921 0.027317
1 0.205485 0.298875 0.034762 0.029995
1 0.255504 0.302625 0.054461 0.031066
1 0.308613 0.301553 0.037852 0.020354
1 0.344341 0.296465 0.022016 0.023032
1 0.372924 0.288163 0.026651 0.024638
1 0.407493 0.283610 0.036307 0.024103
1 0.601390 0.297536 0.047122 0.021960
1 0.652182 0.294590 0.042101 0.026781
1 0.708188 0.285753 0.052916 0.030530
1 0.886443 0.296197 0.050985 0.025710
1 0.401699 0.331816 0.028582 0.021960
1 0.444187 0.323246 0.043260 0.023032
1 0.485516 0.315479 0.024720 0.025710
1 0.509463 0.315212 0.020085 0.018747
1 0.549633 0.312801 0.040942 0.027852
1 0.777327 0.324585 0.032059 0.029995
1 0.826960 0.312801 0.053302 0.028923
1 0.934531 0.322978 0.045964 0.044992
1 0.161066 0.344135 0.053302 0.038029
1 0.228660 0.355115 0.054075 0.027852
1 0.282348 0.357793 0.042487 0.028923
1 0.324450 0.351366 0.027810 0.028923
1 0.363075 0.339047 0.041715 0.023567
1 0.625338 0.352705 0.067207 0.031601
1 0.707223 0.341993 0.075705 0.036958
1 0.881421 0.349223 0.043260 0.038565
1 0.381808 0.386181 0.055234 0.025710
1 0.441869 0.375469 0.050985 0.027852
1 0.501545 0.369309 0.050599 0.032673
1 0.557937 0.362882 0.043646 0.028388
1 0.763422 0.379486 0.040556 0.029459
1 0.823098 0.370112 0.064890 0.039636
1 0.141367 0.392341 0.020857 0.023032
1 0.172074 0.398768 0.025879 0.028388
1 0.213789 0.404660 0.039784 0.026245
1 0.261877 0.405999 0.041715 0.032137
1 0.313635 0.401982 0.052530 0.029459
1 0.537273 0.413498 0.044805 0.028923
1 0.605639 0.401714 0.057165 0.027852
1 0.684048 0.397161 0.086520 0.036958
1 0.664542 0.383771 0.014291 0.006963
1 0.907300 0.394483 0.061027 0.036958
1 0.390498 0.436797 0.056392 0.031601
1 0.445925 0.430905 0.040556 0.025174
1 0.491696 0.423407 0.034762 0.035886
1 0.700077 0.444563 0.043646 0.037493
1 0.768250 0.431709 0.069525 0.036422
1 0.838355 0.419122 0.049826 0.032673
1 0.160294 0.451527 0.057165 0.029995
1 0.224604 0.460632 0.066049 0.027852
1 0.292777 0.452330 0.050212 0.033744
1 0.340865 0.446974 0.025879 0.025174
1 0.632870 0.458222 0.058324 0.032673
1 0.915991 0.455008 0.064504 0.041243
1 0.370413 0.489020 0.057165 0.028923
1 0.440131 0.477504 0.057551 0.026245
1 0.504056 0.474826 0.052530 0.034815
1 0.564890 0.468131 0.049054 0.022496
1 0.800309 0.491698 0.054847 0.029995
1 0.855156 0.475897 0.047895 0.038029
1 0.158169 0.498661 0.072229 0.028923
1 0.226922 0.505624 0.049826 0.024638
1 0.266898 0.507231 0.022402 0.025710
1 0.309579 0.501607 0.052144 0.030530
1 0.627076 0.519818 0.046736 0.023032
1 0.675164 0.509909 0.034762 0.027852
1 0.733488 0.502946 0.058710 0.036422
1 0.937234 0.512319 0.046736 0.030530
1 0.087099 0.550884 0.065276 0.045528
1 0.385863 0.550616 0.040170 0.034280
1 0.446118 0.541510 0.065662 0.038565
1 0.521630 0.529995 0.054461 0.028388
1 0.573774 0.525978 0.039784 0.029995
1 0.864620 0.539100 0.076864 0.034815
1 0.155272 0.564810 0.053302 0.028388
1 0.217458 0.566685 0.054847 0.026781
1 0.268057 0.563471 0.021630 0.023567
1 0.305523 0.555437 0.028582 0.026781
1 0.341638 0.554097 0.029741 0.029459
1 0.694863 0.561061 0.054847 0.028388
1 0.773465 0.559721 0.070684 0.032137
1 0.942642 0.572309 0.039784 0.040171
1 0.383353 0.603642 0.051371 0.029995
1 0.482426 0.598554 0.048667 0.026245
1 0.546736 0.589448 0.044419 0.031601
1 0.589803 0.585967 0.034762 0.023567
1 0.631325 0.580075 0.036694 0.029995
1 0.877945 0.592394 0.069525 0.044992
1 0.120124 0.617568 0.032445 0.031066
1 0.164929 0.625067 0.047895 0.027852
1 0.220548 0.625603 0.054075 0.025710
1 0.267478 0.626138 0.031286 0.025710
1 0.318463 0.626406 0.057551 0.033744
1 0.434531 0.607927 0.030900 0.035351
1 0.604674 0.627477 0.069139 0.034815
1 0.674392 0.623192 0.056392 0.030530
1 0.738702 0.617568 0.044419 0.026781
1 0.783314 0.617300 0.033990 0.032673
1 0.820394 0.611676 0.027810 0.034280
1 0.471804 0.655329 0.062959 0.031601
1 0.532831 0.637922 0.045191 0.033208
1 0.941869 0.646224 0.052144 0.045528
1 0.128235 0.679968 0.039397 0.029459
1 0.184048 0.682110 0.045964 0.030530
1 0.237543 0.681039 0.053302 0.025174
1 0.303013 0.679968 0.061414 0.033744
1 0.385863 0.670595 0.084202 0.035351
1 0.737157 0.683449 0.083816 0.042849
1 0.863268 0.668720 0.086520 0.033744
1 0.533604 0.704339 0.043646 0.029995
1 0.584782 0.697911 0.051757 0.031066
1 0.629394 0.683985 0.015064 0.025710
1 0.663190 0.692019 0.037852 0.025710
1 0.797026 0.679968 0.021244 0.020889
1 0.944959 0.711302 0.059869 0.046063
1 0.097914 0.728174 0.014291 0.026245
1 0.260139 0.735940 0.045191 0.028923
1 0.353418 0.726299 0.050212 0.024638
1 0.405176 0.717461 0.034762 0.026245
1 0.461568 0.713176 0.061800 0.028388
1 0.797412 0.739957 0.039784 0.040171
1 0.842024 0.732191 0.027037 0.027852
1 0.889340 0.728709 0.035149 0.026245
1 0.149865 0.741564 0.081112 0.029459
1 0.215334 0.742635 0.031286 0.025174
1 0.305330 0.737815 0.036694 0.024103
1 0.539011 0.749063 0.014291 0.005892
1 0.581885 0.758436 0.032059 0.024638
1 0.632290 0.753615 0.046350 0.031066
1 0.716879 0.753615 0.089610 0.037493
1 0.358826 0.787359 0.049440 0.025710
1 0.402472 0.782539 0.023947 0.025710
1 0.440131 0.773969 0.033604 0.026781
1 0.490151 0.765131 0.040942 0.030530
1 0.539977 0.768613 0.035535 0.031066
1 0.888374 0.783878 0.047895 0.030530
1 0.937428 0.777450 0.046350 0.032673
1 0.095983 0.796465 0.040556 0.026781
1 0.136539 0.798340 0.016609 0.023032
1 0.165122 0.801821 0.035921 0.022496
1 0.224797 0.805035 0.062572 0.032137
1 0.285245 0.794590 0.042874 0.029459
1 0.323098 0.794055 0.013519 0.024103
1 0.676902 0.820300 0.090769 0.047670
1 0.755118 0.813069 0.050212 0.028923
1 0.823870 0.794055 0.057937 0.031601
1 0.400541 0.848688 0.055620 0.042314
1 0.455581 0.834494 0.027424 0.023567
1 0.516222 0.828870 0.071456 0.033744
1 0.594824 0.821639 0.046350 0.024638
1 0.960796 0.838243 0.069911 0.048206
1 0.126110 0.853776 0.073774 0.035351
1 0.183082 0.857258 0.023947 0.029459
1 0.223059 0.860471 0.045964 0.035886
1 0.273272 0.855919 0.028196 0.031066
1 0.325415 0.848420 0.064504 0.032137
1 0.855156 0.863417 0.124372 0.041778
1 0.466010 0.896626 0.061414 0.032137
1 0.522789 0.893948 0.030514 0.031066
1 0.586713 0.888859 0.070297 0.031601
1 0.662611 0.884306 0.052916 0.038565
1 0.719390 0.875201 0.043646 0.031066
1 0.766319 0.880557 0.031672 0.033208
1 0.090962 0.909748 0.059096 0.044456
1 0.164156 0.914033 0.074932 0.030530
1 0.256856 0.918854 0.090382 0.036958
1 0.329085 0.912694 0.040942 0.034280
1 0.392236 0.906535 0.066821 0.039100
1 0.925454 0.922603 0.082657 0.041243
1 0.960216 0.895554 0.016222 0.008570
1 0.599846 0.952598 0.088065 0.038029
1 0.747007 0.953937 0.098880 0.050348
1 0.842603 0.933583 0.056779 0.027852
1 0.125531 0.980450 0.085747 0.035886
1 0.237543 0.977772 0.043260 0.028388
1 0.281769 0.971077 0.028196 0.026781
1 0.347818 0.972416 0.086906 0.035886
1 0.423716 0.962239 0.047122 0.031601
1 0.466010 0.964114 0.030514 0.026781
1 0.518154 0.967059 0.054461 0.041243
1 0.670336 0.952062 0.034376 0.027317
1 0.192932 0.982057 0.030514 0.023032
1 0.986481 0.990894 0.025492 0.018211
1 0.992661 0.972683 0.014677 0.014997
1 0.936462 0.996251 0.045191 0.007499