1 0.056779 0.500000 0.113559 1.000000
1 0.107482 0.024036 0.036460 0.040950
1 0.572921 0.458457 0.854159 0.916914
1 0.102735 0.069436 0.036081 0.052226
1 0.163502 0.060534 0.055830 0.037982
1 0.161983 0.043917 0.014052 0.007122
1 0.146981 0.104154 0.034182 0.032641
1 0.225788 0.082789 0.055070 0.039763
1 0.284276 0.096439 0.034561 0.031454
1 0.198443 0.118991 0.036840 0.035015
1 0.259020 0.135015 0.045575 0.036202
1 0.334599 0.108309 0.052412 0.030267
1 0.392708 0.113353 0.042537 0.024926
1 0.433916 0.116617 0.019370 0.020772
1 0.475883 0.118694 0.038739 0.042730
1 0.528105 0.126113 0.036081 0.037389
1 0.111470 0.143917 0.051272 0.045697
1 0.307444 0.145104 0.024687 0.025519
1 0.352070 0.147478 0.048614 0.029080
1 0.415116 0.161424 0.056210 0.029674
1 0.583935 0.134421 0.048234 0.031454
1 0.642993 0.136202 0.045575 0.027893
1 0.702051 0.151039 0.048994 0.026706
1 0.760539 0.163798 0.056589 0.032047
1 0.807824 0.156083 0.028864 0.024926
1 0.851690 0.153412 0.050513 0.037389
1 0.165591 0.177448 0.040258 0.039169
1 0.227877 0.187537 0.037220 0.032047
1 0.484049 0.169733 0.042917 0.033234
1 0.526396 0.178932 0.030384 0.035015
1 0.568173 0.177151 0.035701 0.023145
1 0.618686 0.183976 0.041018 0.029674
1 0.134827 0.221365 0.036460 0.036795
1 0.272693 0.196439 0.042537 0.034421
1 0.322256 0.209496 0.042157 0.030861
1 0.327193 0.189911 0.014052 0.007122
1 0.384542 0.216024 0.058868 0.036795
1 0.435055 0.213947 0.022408 0.027893
1 0.473035 0.217211 0.032283 0.024926
1 0.523357 0.224629 0.052412 0.037389
1 0.659704 0.197033 0.027345 0.033234
1 0.695784 0.196142 0.031143 0.025519
1 0.735853 0.202077 0.036081 0.023145
1 0.781808 0.209792 0.032283 0.027893
1 0.839537 0.201484 0.052032 0.027893
1 0.189328 0.248071 0.059628 0.056973
1 0.262438 0.251929 0.065325 0.036202
1 0.608242 0.232047 0.076339 0.035608
1 0.673946 0.244510 0.034561 0.030861
1 0.089442 0.274481 0.030004 0.051632
1 0.330801 0.262611 0.046335 0.038576
1 0.394227 0.273294 0.061527 0.042136
1 0.460501 0.272404 0.036840 0.028487
1 0.521079 0.281899 0.057729 0.035608
1 0.522408 0.262018 0.014052 0.007715
1 0.712305 0.256380 0.029244 0.032047
1 0.746677 0.258457 0.030384 0.037389
1 0.797190 0.261721 0.060008 0.030861
1 0.843714 0.252226 0.024687 0.027300
1 0.136916 0.295252 0.030763 0.054006
1 0.187998 0.305935 0.053171 0.036202
1 0.241739 0.313056 0.033802 0.035015
1 0.582795 0.283086 0.039119 0.028487
1 0.641284 0.287537 0.046715 0.033828
1 0.696734 0.295549 0.037600 0.028487
1 0.747246 0.303561 0.050513 0.037389
1 0.804596 0.305045 0.044436 0.028487
1 0.857387 0.305935 0.039878 0.032641
1 0.906191 0.291098 0.036460 0.033828
1 0.285416 0.322255 0.037600 0.036795
1 0.337638 0.337389 0.031143 0.031454
1 0.336688 0.316914 0.013293 0.007122
1 0.390429 0.334421 0.044056 0.031454
1 0.446639 0.336795 0.054690 0.030267
1 0.504178 0.336499 0.036840 0.026113
1 0.140904 0.365875 0.030384 0.037389
1 0.309153 0.337389 0.013673 0.012463
1 0.360425 0.338872 0.012913 0.011869
1 0.543676 0.347181 0.030004 0.034421
1 0.586403 0.343917 0.041018 0.032641
1 0.648880 0.350445 0.058868 0.036202
1 0.723130 0.358754 0.056969 0.038576
1 0.825294 0.368249 0.110900 0.040950
1 0.105773 0.417804 0.084694 0.078338
1 0.210216 0.382789 0.077098 0.047478
1 0.299848 0.397923 0.076339 0.044510
1 0.368591 0.391098 0.018610 0.027300
1 0.417015 0.400297 0.066084 0.032641
1 0.402583 0.379525 0.014432 0.007715
1 0.477592 0.395549 0.035321 0.035015
1 0.512343 0.391691 0.018230 0.030861
1 0.541208 0.399407 0.020509 0.028487
1 0.573111 0.407715 0.033422 0.024926
1 0.628561 0.411869 0.056210 0.037982
1 0.702621 0.418991 0.060008 0.039169
1 0.751234 0.425816 0.022788 0.026706
1 0.789594 0.429674 0.029624 0.041543
1 0.845613 0.418991 0.055070 0.029674
1 0.907330 0.409496 0.062286 0.037982
1 0.192366 0.442730 0.036840 0.039169
1 0.262058 0.454896 0.074440 0.038576
1 0.334979 0.455786 0.033422 0.034421
1 0.375617 0.458754 0.028864 0.030861
1 0.533042 0.466172 0.028485 0.045697
1 0.102735 0.481009 0.044436 0.040950
1 0.416445 0.469139 0.039119 0.032641
1 0.473794 0.465579 0.063426 0.036202
1 0.574820 0.466766 0.042917 0.029080
1 0.616217 0.477448 0.029244 0.036202
1 0.663882 0.472404 0.052412 0.037982
1 0.718192 0.483976 0.047854 0.043323
1 0.762058 0.477745 0.024687 0.027300
1 0.831751 0.487834 0.101025 0.042730
1 0.804975 0.467062 0.014812 0.007122
1 0.915686 0.471513 0.041777 0.025519
1 0.167869 0.505045 0.049373 0.054599
1 0.217243 0.512166 0.041018 0.028487
1 0.270984 0.500593 0.014812 0.007715
1 0.297949 0.505638 0.014812 0.007122
1 0.364603 0.522552 0.052412 0.043323
1 0.430118 0.518991 0.057349 0.040950
1 0.496012 0.520178 0.031903 0.036202
1 0.078048 0.547181 0.054311 0.059347
1 0.286175 0.526113 0.080896 0.040950
1 0.545196 0.529970 0.047474 0.032047
1 0.597987 0.521662 0.022408 0.034421
1 0.633878 0.535312 0.037220 0.034421
1 0.678314 0.528783 0.044816 0.032047
1 0.743259 0.537982 0.060767 0.037389
1 0.815610 0.542730 0.073300 0.043323
1 0.884922 0.534421 0.044816 0.031454
1 0.931447 0.524926 0.037600 0.030267
1 0.144702 0.573294 0.050133 0.033234
1 0.069502 0.606528 0.023547 0.032047
1 0.065705 0.585757 0.013673 0.008309
1 0.203950 0.590208 0.041018 0.037389
1 0.263957 0.588131 0.055450 0.035608
1 0.327003 0.589614 0.037979 0.038576
1 0.384922 0.586350 0.050513 0.033234
1 0.440752 0.589911 0.033042 0.030861
1 0.510254 0.596439 0.058868 0.041543
1 0.586213 0.595252 0.052791 0.034421
1 0.654007 0.608012 0.072921 0.046884
1 0.719142 0.596439 0.045955 0.034421
1 0.786175 0.607122 0.061527 0.040356
1 0.858716 0.614243 0.059248 0.042730
1 0.919483 0.604154 0.050893 0.045104
1 0.102924 0.620772 0.031143 0.048665
1 0.190087 0.644807 0.092290 0.058754
1 0.463919 0.602374 0.013293 0.013056
1 0.545006 0.607715 0.012913 0.009496
1 0.284656 0.657567 0.040638 0.041543
1 0.351880 0.653709 0.033802 0.038576
1 0.405811 0.663501 0.048234 0.042730
1 0.476643 0.668546 0.059248 0.040950
1 0.532472 0.658457 0.023547 0.033828
1 0.564945 0.661128 0.026206 0.034421
1 0.602924 0.671810 0.030763 0.039169
1 0.648880 0.665282 0.036840 0.033234
1 0.700722 0.666469 0.032662 0.033234
1 0.918344 0.664985 0.035701 0.036202
1 0.059628 0.678932 0.018230 0.030861
1 0.057729 0.658160 0.014432 0.009496
1 0.100076 0.693769 0.035321 0.041543
1 0.315420 0.668843 0.013293 0.013056
1 0.742879 0.673294 0.041018 0.030267
1 0.789594 0.675964 0.037979 0.035608
1 0.836498 0.674481 0.027725 0.032641
1 0.873528 0.685460 0.032662 0.041543
1 0.150209 0.708012 0.041398 0.037982
1 0.218192 0.714540 0.029244 0.029674
1 0.259590 0.721068 0.028485 0.026113
1 0.302507 0.717507 0.023167 0.027300
1 0.297759 0.699703 0.013673 0.007122
1 0.335929 0.722255 0.020889 0.026113
1 0.394987 0.709199 0.014432 0.007122
1 0.483289 0.733531 0.065705 0.045104
1 0.071971 0.766172 0.051272 0.052226
1 0.389859 0.729377 0.060387 0.030861
1 0.560387 0.733234 0.049753 0.040950
1 0.620965 0.740950 0.048614 0.040950
1 0.670528 0.737389 0.026206 0.032641
1 0.703570 0.745697 0.027725 0.025519
1 0.755792 0.752522 0.051652 0.046291
1 0.808963 0.744807 0.032662 0.032047
1 0.866312 0.752522 0.062286 0.046291
1 0.939423 0.738576 0.052032 0.045697
1 0.130460 0.774184 0.029244 0.033828
1 0.174706 0.795252 0.034941 0.048665
1 0.225218 0.791691 0.037979 0.036795
1 0.279909 0.791098 0.035701 0.036795
1 0.334789 0.800593 0.049753 0.040356
1 0.383783 0.791395 0.019370 0.035015
1 0.417395 0.793769 0.028105 0.025519
1 0.467528 0.793472 0.026586 0.036795
1 0.564375 0.803858 0.137486 0.045697
1 0.669009 0.811869 0.040638 0.030861
1 0.752564 0.814837 0.026965 0.033234
1 0.786555 0.813353 0.033422 0.033828
1 0.955184 0.824036 0.050893 0.049258
1 0.060008 0.852522 0.051652 0.054006
1 0.712685 0.820475 0.031523 0.030267
1 0.835929 0.821068 0.049373 0.036202
1 0.896886 0.826706 0.050513 0.040356
1 0.123623 0.864392 0.056589 0.049258
1 0.190467 0.879822 0.054311 0.051632
1 0.270604 0.874184 0.067983 0.046291
1 0.353969 0.871217 0.070642 0.046291
1 0.458033 0.872700 0.105583 0.054006
1 0.843145 0.856083 0.014432 0.007715
1 0.867072 0.854006 0.013673 0.009496
1 0.927839 0.881306 0.066084 0.049852
1 0.559248 0.880712 0.058868 0.039169
1 0.612799 0.875371 0.029244 0.029674
1 0.645841 0.876558 0.030004 0.029674
1 0.680782 0.878932 0.031523 0.029674
1 0.739081 0.884570 0.060767 0.044510
1 0.826624 0.883383 0.101405 0.043323
1 0.056210 0.928783 0.056210 0.060534
1 0.125712 0.950148 0.060008 0.045104
1 0.194455 0.956083 0.039499 0.045104
1 0.235853 0.963501 0.021269 0.029080
1 0.279339 0.959941 0.039878 0.050445
1 0.324915 0.957270 0.026965 0.037982
1 0.376946 0.954599 0.052791 0.039763
1 0.441891 0.952226 0.035321 0.035015
1 0.489935 0.955786 0.041777 0.043323
1 0.547664 0.951929 0.035701 0.036795
1 0.605013 0.955490 0.050893 0.045104
1 0.658185 0.947181 0.037979 0.036795
1 0.669958 0.929674 0.014432 0.006528
1 0.711736 0.951929 0.041018 0.033234
1 0.723509 0.934125 0.014432 0.007122
1 0.766806 0.960237 0.043297 0.047478
1 0.816749 0.952226 0.026965 0.032641
1 0.863084 0.952522 0.052032 0.041543
1 0.931257 0.950445 0.046335 0.044510
1 0.920243 0.996142 0.015192 0.007715