1 0.500000 0.500000 1.000000 1.000000
1 0.175621 0.044735 0.013633 0.022023
1 0.204090 0.052650 0.029671 0.019959
1 0.253408 0.054370 0.047314 0.027529
1 0.311548 0.056435 0.033681 0.024776
1 0.373095 0.061253 0.059743 0.028906
1 0.430433 0.057123 0.041299 0.023400
1 0.467923 0.065382 0.024860 0.031659
1 0.506014 0.056091 0.043304 0.024088
1 0.555132 0.060564 0.033280 0.024776
1 0.590217 0.062285 0.033681 0.028217
1 0.647354 0.062285 0.079791 0.030970
1 0.721131 0.066414 0.042903 0.025465
1 0.769848 0.070544 0.029671 0.032347
1 0.828589 0.071920 0.076584 0.025465
1 0.173015 0.107020 0.053328 0.030970
1 0.229150 0.108396 0.022855 0.024088
1 0.264234 0.113558 0.025662 0.019270
1 0.329791 0.116999 0.066961 0.023400
1 0.400762 0.122161 0.051724 0.033723
1 0.454691 0.123538 0.025662 0.032347
1 0.520449 0.126290 0.079391 0.035100
1 0.579591 0.122161 0.024459 0.022712
1 0.622494 0.119064 0.042903 0.026153
1 0.676624 0.118720 0.050120 0.025465
1 0.726945 0.117688 0.032077 0.020647
1 0.791700 0.125602 0.078990 0.030970
1 0.851243 0.123193 0.028067 0.026153
1 0.887731 0.120785 0.041700 0.022712
1 0.203889 0.174123 0.041299 0.026153
1 0.260425 0.176875 0.050922 0.033035
1 0.315557 0.174123 0.032879 0.024776
1 0.352045 0.175843 0.024058 0.019959
1 0.385325 0.176187 0.029671 0.019270
1 0.431435 0.178940 0.044908 0.022023
1 0.475140 0.182037 0.028067 0.035100
1 0.512630 0.182725 0.042101 0.024088
1 0.548115 0.180317 0.019246 0.023400
1 0.588813 0.179628 0.046111 0.027529
1 0.633520 0.183070 0.025662 0.034412
1 0.661387 0.176875 0.026063 0.026153
1 0.697273 0.182725 0.042502 0.025465
1 0.736768 0.178596 0.034884 0.026841
1 0.786488 0.184102 0.046913 0.030970
1 0.874900 0.182037 0.036087 0.026841
1 0.831796 0.187543 0.035686 0.030970
1 0.166600 0.235719 0.025261 0.030970
1 0.209302 0.229181 0.043304 0.026153
1 0.258420 0.227460 0.050120 0.025465
1 0.303128 0.236407 0.022454 0.029594
1 0.335806 0.233999 0.032478 0.031659
1 0.372895 0.240193 0.025662 0.030282
1 0.412390 0.236407 0.041299 0.025465
1 0.471933 0.241569 0.060144 0.028906
1 0.527265 0.247419 0.035285 0.035100
1 0.576584 0.238816 0.049719 0.030282
1 0.628508 0.240881 0.043705 0.023400
1 0.672815 0.243290 0.031275 0.032347
1 0.716520 0.238128 0.051323 0.030282
1 0.784884 0.240881 0.078990 0.037164
1 0.850241 0.236752 0.041299 0.028906
1 0.146752 0.299725 0.041700 0.032347
1 0.186047 0.301101 0.026464 0.025465
1 0.225742 0.298004 0.036087 0.028906
1 0.268845 0.298004 0.026864 0.022023
1 0.315958 0.294219 0.051323 0.029594
1 0.367482 0.291122 0.027666 0.024776
1 0.405172 0.293187 0.040497 0.023400
1 0.455694 0.296284 0.043705 0.026841
1 0.524258 0.292498 0.073376 0.030282
1 0.587610 0.299036 0.038893 0.026841
1 0.634322 0.299381 0.038492 0.023400
1 0.679832 0.294907 0.042903 0.024088
1 0.717522 0.293531 0.022053 0.019959
1 0.751604 0.295595 0.038893 0.029594
1 0.793304 0.294907 0.026864 0.026841
1 0.834403 0.297660 0.042502 0.026841
1 0.891139 0.302478 0.054932 0.036476
1 0.183039 0.355816 0.027666 0.026153
1 0.286287 0.356504 0.026464 0.026153
1 0.392141 0.353063 0.040096 0.030282
1 0.444467 0.354439 0.050922 0.027529
1 0.490778 0.353063 0.029671 0.026153
1 0.529671 0.354783 0.032077 0.028217
1 0.576183 0.353407 0.044106 0.029594
1 0.622494 0.350998 0.038091 0.024776
1 0.667201 0.346524 0.037690 0.026841
1 0.701283 0.343772 0.019246 0.025465
1 0.730353 0.349277 0.037289 0.028217
1 0.774659 0.348933 0.034483 0.026153
1 0.827185 0.349277 0.056937 0.028217
1 0.884723 0.354439 0.044507 0.033035
1 0.142542 0.357536 0.024459 0.021335
1 0.232959 0.364074 0.059342 0.035788
1 0.321973 0.355471 0.030473 0.022712
1 0.354250 0.362010 0.033280 0.031659
1 0.163192 0.421198 0.048115 0.034412
1 0.220329 0.420509 0.014034 0.026153
1 0.307338 0.421198 0.050120 0.031659
1 0.352245 0.425671 0.038893 0.037853
1 0.403769 0.419821 0.047314 0.033035
1 0.440658 0.418445 0.020850 0.023400
1 0.468725 0.420165 0.032879 0.040606
1 0.504812 0.415003 0.023256 0.035788
1 0.556335 0.418445 0.074980 0.035788
1 0.609062 0.413283 0.020850 0.025465
1 0.638733 0.415003 0.034483 0.037164
1 0.675621 0.409153 0.027265 0.029594
1 0.710505 0.404336 0.040096 0.030970
1 0.756215 0.405368 0.028067 0.030282
1 0.799318 0.407777 0.042903 0.029594
1 0.838613 0.409842 0.030874 0.030970
1 0.897354 0.419477 0.072173 0.039229
1 0.194868 0.430145 0.014435 0.009635
1 0.249198 0.423950 0.042903 0.022023
1 0.125301 0.482106 0.032478 0.030970
1 0.167402 0.491053 0.034082 0.033723
1 0.218524 0.487612 0.053729 0.035100
1 0.265237 0.485547 0.026864 0.022712
1 0.309944 0.485891 0.043304 0.026153
1 0.366279 0.481762 0.060545 0.035788
1 0.429230 0.490365 0.047715 0.033723
1 0.480954 0.487268 0.047715 0.039917
1 0.535886 0.486579 0.050922 0.038541
1 0.586608 0.474191 0.041700 0.033035
1 0.641540 0.477977 0.048115 0.037853
1 0.698877 0.475224 0.048917 0.041982
1 0.760225 0.483138 0.054531 0.045423
1 0.814154 0.476944 0.042903 0.033035
1 0.877105 0.484171 0.069366 0.047488
1 0.168805 0.557467 0.040096 0.027529
1 0.219527 0.558844 0.053328 0.038541
1 0.275461 0.559876 0.039294 0.039229
1 0.334202 0.556779 0.049318 0.033035
1 0.396752 0.559876 0.063753 0.029594
1 0.446872 0.556435 0.024459 0.030970
1 0.488773 0.560564 0.050521 0.032347
1 0.536889 0.552994 0.028067 0.029594
1 0.573777 0.556091 0.032879 0.023400
1 0.633520 0.555058 0.067362 0.036476
1 0.697273 0.552994 0.040898 0.030970
1 0.741179 0.553682 0.027666 0.025465
1 0.789495 0.557467 0.052125 0.033035
1 0.836207 0.555403 0.028468 0.024776
1 0.901163 0.557467 0.090217 0.028906
1 0.089415 0.630076 0.060144 0.041982
1 0.145549 0.633517 0.028067 0.032347
1 0.552326 0.633861 0.025261 0.030282
1 0.601043 0.636270 0.053729 0.039229
1 0.696872 0.637302 0.045710 0.039917
1 0.741179 0.631452 0.022855 0.025465
1 0.775461 0.630420 0.040898 0.027529
1 0.815958 0.630076 0.027265 0.024088
1 0.844427 0.626290 0.024058 0.027529
1 0.884723 0.632829 0.050922 0.047488
1 0.182438 0.641776 0.028067 0.035100
1 0.234763 0.643840 0.046913 0.036476
1 0.291700 0.641776 0.041299 0.028217
1 0.343825 0.639367 0.044507 0.033035
1 0.395750 0.646249 0.037690 0.031659
1 0.451283 0.645217 0.066961 0.037853
1 0.515036 0.641776 0.038091 0.039229
1 0.648757 0.638679 0.032879 0.038541
1 0.114274 0.712663 0.047314 0.039229
1 0.178428 0.717825 0.058540 0.039917
1 0.244387 0.720234 0.035686 0.040606
1 0.294707 0.719202 0.044908 0.039917
1 0.351844 0.718858 0.044507 0.039229
1 0.400962 0.716449 0.029671 0.030282
1 0.452486 0.720234 0.054932 0.035100
1 0.531275 0.718513 0.075381 0.041294
1 0.600642 0.722299 0.048917 0.033723
1 0.675822 0.721955 0.071772 0.035788
1 0.747795 0.715760 0.048917 0.033035
1 0.810345 0.721955 0.054531 0.037164
1 0.867682 0.720578 0.042502 0.037164
1 0.909583 0.715416 0.029270 0.024088
1 0.942462 0.713352 0.035686 0.029594
1 0.104651 0.780110 0.050521 0.030970
1 0.195269 0.786648 0.097835 0.039917
1 0.278869 0.784584 0.036488 0.045423
1 0.338011 0.787337 0.040096 0.033035
1 0.394948 0.785272 0.050521 0.044047
1 0.457498 0.784928 0.050521 0.032347
1 0.516239 0.787337 0.039695 0.027529
1 0.567963 0.785272 0.046111 0.031659
1 0.612470 0.785616 0.028468 0.029594
1 0.650561 0.784928 0.027666 0.032347
1 0.689856 0.791466 0.039695 0.033035
1 0.742582 0.785960 0.048917 0.030282
1 0.788893 0.790778 0.030072 0.026153
1 0.823376 0.785960 0.026864 0.030282
1 0.886127 0.777701 0.073777 0.038541
1 0.945269 0.781487 0.031676 0.035100
1 0.058741 0.854783 0.042101 0.031659
1 0.116680 0.864074 0.049719 0.029594
1 0.167001 0.867171 0.030874 0.031659
1 0.227346 0.864074 0.049719 0.033723
1 0.316560 0.863042 0.083801 0.035788
1 0.391139 0.866483 0.044507 0.033035
1 0.453488 0.861666 0.046512 0.033035
1 0.501002 0.860977 0.014034 0.031659
1 0.526464 0.863386 0.034483 0.026841
1 0.576985 0.860289 0.038492 0.035788
1 0.634322 0.865107 0.037690 0.033035
1 0.690457 0.866827 0.036889 0.035100
1 0.747193 0.869924 0.046111 0.034412
1 0.860064 0.873365 0.060144 0.035788
1 0.919808 0.871989 0.049719 0.034412
1 0.799318 0.874742 0.044507 0.028906
1 0.167402 0.950791 0.059743 0.035100
1 0.240176 0.951480 0.069767 0.036476
1 0.326383 0.952856 0.066560 0.043359
1 0.390938 0.955609 0.028869 0.026841
1 0.442462 0.949415 0.050922 0.030970
1 0.496592 0.945630 0.023657 0.033035
1 0.543504 0.947350 0.047715 0.035100
1 0.619487 0.953544 0.076985 0.046111
1 0.739976 0.958018 0.134322 0.044047
1 0.835204 0.968341 0.040096 0.048176
1 0.888933 0.958362 0.039294 0.037853
1 0.957097 0.959738 0.072173 0.039229