1 0.059654 0.500000 0.119309 1.000000
1 0.117411 0.038071 0.026560 0.028765
1 0.292580 0.005076 0.347386 0.010152
1 0.161889 0.047800 0.041315 0.034687
1 0.221121 0.045262 0.047639 0.027919
1 0.272133 0.042724 0.028246 0.027919
1 0.323777 0.043570 0.043845 0.029611
1 0.375843 0.041032 0.034992 0.024535
1 0.417369 0.037648 0.026138 0.031303
1 0.455523 0.039763 0.034992 0.032149
1 0.500000 0.043147 0.031197 0.040609
1 0.539840 0.036379 0.024874 0.028765
1 0.577572 0.037648 0.040472 0.034687
1 0.626476 0.035956 0.046374 0.027919
1 0.667369 0.031726 0.026981 0.027919
1 0.705734 0.034264 0.046374 0.036379
1 0.750211 0.040609 0.038364 0.023689
1 0.807336 0.043147 0.064924 0.035533
1 0.864460 0.037225 0.029933 0.037225
1 0.940978 0.481387 0.118044 0.962775
1 0.693297 0.090102 0.056071 0.031303
1 0.751476 0.099831 0.046796 0.035533
1 0.809865 0.093486 0.038786 0.031303
1 0.847808 0.091371 0.022766 0.033841
1 0.152825 0.107868 0.042580 0.029611
1 0.196880 0.104484 0.019393 0.031303
1 0.240725 0.104907 0.048904 0.033841
1 0.311973 0.105753 0.067454 0.028765
1 0.394182 0.105753 0.075042 0.028765
1 0.458895 0.098985 0.033305 0.025381
1 0.493255 0.096870 0.015177 0.019459
1 0.528035 0.097293 0.031619 0.023689
1 0.567454 0.102369 0.020236 0.021997
1 0.620784 0.100254 0.065346 0.031303
1 0.151981 0.184433 0.053541 0.042301
1 0.212268 0.182318 0.045110 0.034687
1 0.259486 0.177242 0.024874 0.027919
1 0.297007 0.174704 0.027403 0.027919
1 0.344857 0.178088 0.047218 0.026227
1 0.411678 0.178511 0.059444 0.045685
1 0.476602 0.175127 0.050169 0.040609
1 0.526138 0.167513 0.028668 0.032149
1 0.565767 0.167090 0.040472 0.027919
1 0.601391 0.164552 0.024030 0.022843
1 0.643971 0.165398 0.044266 0.029611
1 0.699410 0.161168 0.050590 0.039763
1 0.763280 0.164129 0.053541 0.028765
1 0.817664 0.159898 0.037521 0.021997
1 0.864039 0.156091 0.045110 0.027919
1 0.698567 0.230964 0.079258 0.040609
1 0.798693 0.226311 0.040894 0.032995
1 0.851391 0.221658 0.047639 0.027073
1 0.098651 0.246616 0.029511 0.034687
1 0.147976 0.251269 0.042159 0.033841
1 0.189081 0.256768 0.021501 0.024535
1 0.226180 0.250000 0.034148 0.029611
1 0.272766 0.248308 0.044688 0.029611
1 0.342960 0.255076 0.073777 0.043147
1 0.404933 0.246193 0.036678 0.025381
1 0.454258 0.240271 0.031619 0.027073
1 0.490304 0.241540 0.029511 0.029611
1 0.521290 0.240694 0.024030 0.027919
1 0.558179 0.234772 0.032884 0.032995
1 0.616779 0.232657 0.062395 0.038917
1 0.757799 0.228003 0.031619 0.032995
1 0.415683 0.310491 0.031197 0.030457
1 0.451939 0.304992 0.027825 0.031303
1 0.499578 0.300761 0.049747 0.029611
1 0.547639 0.300761 0.026138 0.031303
1 0.584317 0.296954 0.037943 0.030457
1 0.621838 0.289340 0.021922 0.033841
1 0.650295 0.289340 0.028246 0.030457
1 0.690767 0.289763 0.042580 0.029611
1 0.728288 0.291455 0.024874 0.031303
1 0.760118 0.291455 0.021079 0.022843
1 0.797850 0.289340 0.047639 0.038917
1 0.846543 0.284264 0.034570 0.023689
1 0.150717 0.325296 0.045953 0.026227
1 0.222597 0.321912 0.083474 0.029611
1 0.296585 0.316413 0.040051 0.028765
1 0.341906 0.313452 0.040472 0.031303
1 0.381535 0.315567 0.019393 0.035533
1 0.899663 0.355753 0.035413 0.039763
1 0.340008 0.395093 0.024874 0.035533
1 0.379005 0.395093 0.039629 0.035533
1 0.420110 0.388748 0.029089 0.041455
1 0.477867 0.387479 0.063659 0.042301
1 0.530565 0.385364 0.021501 0.026227
1 0.570616 0.376058 0.034148 0.032995
1 0.617411 0.379019 0.043423 0.027073
1 0.665472 0.372673 0.034148 0.038071
1 0.713111 0.367174 0.051855 0.030457
1 0.763491 0.364213 0.032884 0.031303
1 0.834106 0.360406 0.088111 0.037225
1 0.097808 0.401015 0.054806 0.033841
1 0.157673 0.402707 0.040472 0.037225
1 0.210160 0.401438 0.040894 0.029611
1 0.255059 0.398054 0.024452 0.034687
1 0.295531 0.401015 0.043002 0.030457
1 0.088111 0.477580 0.055649 0.039763
1 0.140809 0.478426 0.032040 0.034687
1 0.207420 0.480541 0.080101 0.040609
1 0.317454 0.478003 0.032040 0.035533
1 0.351391 0.472927 0.019815 0.025381
1 0.399452 0.470389 0.042580 0.035533
1 0.451939 0.460660 0.038786 0.038071
1 0.493465 0.460237 0.024030 0.033841
1 0.524030 0.459814 0.021079 0.024535
1 0.576096 0.464890 0.067875 0.039763
1 0.656830 0.452623 0.072513 0.035533
1 0.733137 0.453046 0.048061 0.032995
1 0.776349 0.450085 0.021501 0.025381
1 0.818929 0.445854 0.057757 0.033841
1 0.873735 0.439509 0.035835 0.031303
1 0.274663 0.483080 0.026560 0.033841
1 0.831155 0.518190 0.026560 0.036379
1 0.886383 0.521574 0.061973 0.048223
1 0.078626 0.552030 0.046796 0.044839
1 0.138069 0.556684 0.067875 0.037225
1 0.203204 0.561337 0.037943 0.034687
1 0.260961 0.563875 0.053963 0.036379
1 0.351813 0.554992 0.099916 0.037225
1 0.337479 0.532572 0.014755 0.009306
1 0.429595 0.552453 0.027825 0.030457
1 0.483347 0.553299 0.067032 0.049069
1 0.547639 0.539763 0.036256 0.032149
1 0.598651 0.543993 0.048904 0.042301
1 0.653668 0.535110 0.035835 0.041455
1 0.690978 0.528342 0.022766 0.031303
1 0.732715 0.527496 0.047218 0.032995
1 0.790683 0.524958 0.036678 0.032995
1 0.852234 0.608714 0.063659 0.044839
1 0.913153 0.605753 0.051433 0.035533
1 0.067243 0.645516 0.034148 0.035533
1 0.130059 0.648900 0.076307 0.047377
1 0.201728 0.645093 0.033305 0.034687
1 0.258432 0.645939 0.069983 0.038071
1 0.327993 0.644247 0.045531 0.036379
1 0.371838 0.640440 0.025295 0.032149
1 0.404300 0.637056 0.031197 0.037225
1 0.449199 0.639171 0.034992 0.036379
1 0.499368 0.638325 0.052698 0.049915
1 0.557336 0.634941 0.042159 0.044839
1 0.610245 0.628596 0.041737 0.040609
1 0.665261 0.624788 0.046374 0.041455
1 0.727234 0.620135 0.054806 0.045685
1 0.786889 0.613790 0.039207 0.038071
1 0.047850 0.725042 0.023187 0.038917
1 0.096543 0.728849 0.047218 0.039763
1 0.203626 0.742386 0.040472 0.051607
1 0.332420 0.731810 0.058600 0.047377
1 0.400717 0.727157 0.044266 0.038071
1 0.451939 0.725888 0.035413 0.045685
1 0.498946 0.727580 0.035835 0.037225
1 0.541737 0.729272 0.033727 0.045685
1 0.585582 0.725888 0.031197 0.032149
1 0.651138 0.726311 0.068718 0.058376
1 0.718803 0.718274 0.036256 0.038917
1 0.770236 0.714044 0.029511 0.037225
1 0.809233 0.709391 0.027403 0.029611
1 0.851602 0.711929 0.042159 0.031303
1 0.904511 0.705161 0.045110 0.044839
1 0.150506 0.745347 0.034570 0.038917
1 0.264123 0.737733 0.044266 0.037225
1 0.152825 0.831218 0.076307 0.058376
1 0.435287 0.824027 0.045953 0.045685
1 0.484612 0.821912 0.025717 0.039763
1 0.522344 0.819374 0.029511 0.038071
1 0.582631 0.826988 0.073356 0.054992
1 0.669477 0.815990 0.051433 0.039763
1 0.729132 0.807953 0.042580 0.045685
1 0.784781 0.803723 0.051855 0.040609
1 0.838954 0.802030 0.032040 0.037225
1 0.893761 0.799915 0.054806 0.044839
1 0.083895 0.821066 0.020236 0.031303
1 0.239039 0.835871 0.064081 0.042301
1 0.303541 0.829949 0.038786 0.038917
1 0.371627 0.832910 0.058600 0.053299
1 0.094646 0.925550 0.052698 0.042301
1 0.184444 0.926396 0.086425 0.049069
1 0.290683 0.942470 0.076307 0.050761
1 0.385118 0.935279 0.061130 0.044839
1 0.445405 0.926819 0.031619 0.039763
1 0.481450 0.931049 0.033727 0.041455
1 0.541526 0.932318 0.066189 0.045685
1 0.614039 0.927242 0.048482 0.047377
1 0.669688 0.933587 0.049325 0.038071
1 0.730396 0.932318 0.059444 0.052453
1 0.791105 0.932741 0.036678 0.039763
1 0.839587 0.935279 0.050169 0.038071
1 0.896922 0.929780 0.047639 0.042301
1 0.948567 0.920897 0.032040 0.038071