1 0.011553 0.049093 0.023106 0.098185
1 0.122664 0.009772 0.062521 0.019544
1 0.203024 0.004421 0.068977 0.008841
1 0.454468 0.037925 0.043153 0.032108
1 0.512572 0.036761 0.048590 0.034435
1 0.575603 0.031410 0.053007 0.026524
1 0.627251 0.033504 0.045532 0.036296
1 0.687054 0.025826 0.053007 0.028385
1 0.707102 0.008609 0.012912 0.005119
1 0.742779 0.028618 0.035338 0.037692
1 0.792729 0.025361 0.059123 0.022801
1 0.844716 0.016519 0.033979 0.025593
1 0.888039 0.015589 0.041794 0.028385
1 0.944954 0.025593 0.013592 0.007445
1 0.062861 0.048395 0.063880 0.037227
1 0.142712 0.056073 0.067278 0.037692
1 0.214237 0.054677 0.051308 0.030247
1 0.281515 0.052815 0.058104 0.037692
1 0.360177 0.046999 0.087666 0.033504
1 0.627081 0.081201 0.063541 0.028385
1 0.713727 0.084225 0.091403 0.029781
1 0.799185 0.081433 0.065919 0.030712
1 0.858987 0.078874 0.042134 0.024663
1 0.965511 0.183806 0.068977 0.228944
1 0.418620 0.105863 0.054366 0.029316
1 0.479783 0.094463 0.048930 0.025128
1 0.548760 0.088879 0.062521 0.028851
1 0.016140 0.108888 0.011213 0.008376
1 0.016140 0.101210 0.010533 0.005119
1 0.051648 0.116566 0.046891 0.033039
1 0.061162 0.103537 0.012912 0.006980
1 0.140163 0.118893 0.104315 0.033039
1 0.233775 0.118427 0.046211 0.030247
1 0.293068 0.116333 0.056745 0.027920
1 0.360686 0.110284 0.050629 0.032573
1 0.015630 0.124942 0.010873 0.006049
1 0.581040 0.145649 0.042813 0.025128
1 0.655624 0.140298 0.077812 0.030247
1 0.736154 0.145416 0.056065 0.035831
1 0.799015 0.137040 0.056745 0.026524
1 0.856439 0.137738 0.039076 0.023267
1 0.307339 0.177524 0.063541 0.033969
1 0.358818 0.166356 0.032620 0.024663
1 0.412844 0.164728 0.058444 0.032573
1 0.500340 0.160074 0.097520 0.031643
1 0.065070 0.196603 0.081889 0.050721
1 0.156813 0.187064 0.072375 0.029781
1 0.175331 0.171475 0.012912 0.005119
1 0.237343 0.181014 0.059463 0.034435
1 0.761298 0.182410 0.012572 0.005584
1 0.812946 0.198464 0.056065 0.033969
1 0.820931 0.175430 0.018349 0.007445
1 0.883622 0.197068 0.071696 0.035831
1 0.471288 0.223592 0.059123 0.041415
1 0.547231 0.216612 0.058784 0.029316
1 0.627421 0.206375 0.072375 0.028385
1 0.704723 0.205212 0.061842 0.029781
1 0.764186 0.200093 0.028542 0.026059
1 0.287122 0.244300 0.063880 0.042811
1 0.384472 0.233597 0.075093 0.029781
1 0.812436 0.248720 0.071356 0.033039
1 0.880904 0.244067 0.035678 0.029316
1 0.080700 0.261284 0.105674 0.038623
1 0.198607 0.249418 0.071016 0.033504
1 0.677880 0.261750 0.091064 0.042345
1 0.750934 0.252676 0.035338 0.031643
1 0.500000 0.628199 1.000000 0.743602
1 0.602107 0.269428 0.043493 0.026059
1 0.881923 0.291764 0.040435 0.030712
1 0.922528 0.291764 0.031940 0.034435
1 0.216955 0.315263 0.091403 0.039553
1 0.315834 0.302932 0.073055 0.034435
1 0.324329 0.282690 0.011893 0.005119
1 0.648658 0.303164 0.012912 0.005119
1 0.703874 0.308516 0.021407 0.028851
1 0.733775 0.314798 0.034998 0.035831
1 0.770133 0.302932 0.029562 0.027920
1 0.804791 0.307818 0.028882 0.033969
1 0.837920 0.298976 0.035338 0.027455
1 0.064220 0.333644 0.052328 0.039088
1 0.129800 0.322708 0.042813 0.040484
1 0.678050 0.320382 0.029562 0.027455
1 0.852192 0.339693 0.042134 0.028851
1 0.245498 0.370870 0.077132 0.044672
1 0.320591 0.369009 0.047231 0.040949
1 0.306150 0.348069 0.012912 0.010237
1 0.801733 0.354816 0.038396 0.024663
1 0.898743 0.343183 0.040775 0.025593
1 0.171254 0.382969 0.046211 0.032573
1 0.168875 0.367148 0.012232 0.006515
1 0.618586 0.375291 0.030921 0.023732
1 0.659701 0.371103 0.032280 0.031177
1 0.697078 0.370870 0.022766 0.031643
1 0.747367 0.368311 0.051988 0.032108
1 0.074244 0.406235 0.104315 0.045603
1 0.375467 0.408562 0.042813 0.030712
1 0.382943 0.386924 0.014271 0.008841
1 0.804961 0.408795 0.046891 0.029316
1 0.862555 0.401117 0.040435 0.024197
1 0.918620 0.397627 0.050629 0.029316
1 0.214577 0.434621 0.055386 0.032573
1 0.274720 0.431829 0.054027 0.040019
1 0.332314 0.414611 0.013592 0.028851
1 0.692661 0.429269 0.036357 0.035831
1 0.744309 0.419730 0.045872 0.034435
1 0.149847 0.450907 0.052328 0.032573
1 0.638804 0.434621 0.034659 0.030712
1 0.898913 0.456026 0.045192 0.030712
1 0.066259 0.467427 0.079511 0.046068
1 0.061332 0.449279 0.012572 0.005119
1 0.762657 0.474872 0.019368 0.031177
1 0.795107 0.464402 0.031261 0.032573
1 0.836561 0.460912 0.044173 0.023732
1 0.316684 0.500931 0.031261 0.031177
1 0.657322 0.502327 0.081889 0.043276
1 0.728508 0.483248 0.034659 0.028385
1 0.145940 0.521173 0.032960 0.036296
1 0.212538 0.517683 0.060143 0.033039
1 0.273191 0.506049 0.027183 0.034900
1 0.047401 0.542113 0.059463 0.038157
1 0.102786 0.531410 0.026164 0.029781
1 0.817873 0.541415 0.024465 0.024663
1 0.851172 0.535133 0.039416 0.032573
1 0.897554 0.526524 0.048590 0.027455
1 0.261638 0.578409 0.084268 0.046533
1 0.661400 0.571661 0.035678 0.035831
1 0.703024 0.564681 0.029901 0.024663
1 0.753143 0.560959 0.049269 0.045137
1 0.164288 0.591903 0.052667 0.036296
1 0.906728 0.587715 0.042474 0.032573
1 0.944614 0.591903 0.027183 0.035365
1 0.066599 0.612145 0.087666 0.051652
1 0.072545 0.590740 0.013252 0.007911
1 0.812436 0.610749 0.032620 0.027455
1 0.857968 0.600977 0.048930 0.037692
1 0.738192 0.626338 0.083928 0.040019
1 0.665987 0.644951 0.044852 0.032573
1 0.891267 0.671242 0.060483 0.043276
1 0.942406 0.659144 0.036357 0.029316
1 0.130649 0.690786 0.047231 0.036761
1 0.780836 0.693578 0.065240 0.043276
1 0.839280 0.673802 0.045532 0.035365
1 0.049949 0.708004 0.064560 0.038623
1 0.708121 0.705910 0.062521 0.043741
1 0.330615 0.724523 0.040775 0.038157
1 0.803432 0.764076 0.081889 0.042811
1 0.840469 0.736854 0.017329 0.009772
1 0.886001 0.746161 0.046551 0.033039
1 0.734794 0.783155 0.039755 0.038157
1 0.820591 0.820614 0.014271 0.009772