1 0.500000 0.500000 1.000000 1.000000
1 0.129795 0.039874 0.068452 0.043016
1 0.391534 0.038424 0.042989 0.032383
1 0.442791 0.029725 0.025794 0.026583
1 0.473710 0.029725 0.020833 0.022716
1 0.482308 0.016191 0.014881 0.007250
1 0.530754 0.025375 0.060185 0.036249
1 0.607970 0.034558 0.065146 0.045916
1 0.693287 0.024891 0.082341 0.040116
1 0.757110 0.036249 0.026124 0.037699
1 0.797784 0.028275 0.039352 0.032383
1 0.873677 0.020058 0.085979 0.040116
1 0.938988 0.006767 0.021495 0.013533
1 0.954861 0.019575 0.012235 0.005317
1 0.192626 0.046399 0.033399 0.030933
1 0.240575 0.049299 0.049272 0.030933
1 0.287698 0.050991 0.029101 0.023683
1 0.335979 0.052441 0.047619 0.033349
1 0.830192 0.089899 0.050595 0.042533
1 0.890873 0.085549 0.041667 0.033833
1 0.945602 0.085307 0.043320 0.046883
1 0.155423 0.104640 0.046296 0.032383
1 0.407573 0.109232 0.027447 0.032866
1 0.454696 0.106573 0.035714 0.029483
1 0.501157 0.112856 0.051257 0.039149
1 0.551257 0.104157 0.039683 0.031416
1 0.597388 0.101498 0.041997 0.034799
1 0.614087 0.079024 0.013228 0.006283
1 0.651786 0.098598 0.035714 0.035766
1 0.702050 0.109232 0.054894 0.044466
1 0.767526 0.100532 0.049603 0.047366
1 0.209491 0.115998 0.043320 0.025133
1 0.281415 0.116723 0.082011 0.030449
1 0.354167 0.120831 0.049603 0.036733
1 0.884425 0.157081 0.031415 0.035766
1 0.939649 0.161914 0.062500 0.044466
1 0.113591 0.169164 0.058532 0.040599
1 0.165344 0.179555 0.025132 0.030449
1 0.441964 0.186564 0.060516 0.040599
1 0.500496 0.184630 0.031415 0.035766
1 0.604663 0.180039 0.046627 0.031416
1 0.648313 0.175447 0.020833 0.031899
1 0.697421 0.172789 0.044974 0.037216
1 0.754960 0.179314 0.058201 0.030933
1 0.825728 0.168922 0.057540 0.034316
1 0.222884 0.194297 0.071429 0.042533
1 0.282903 0.192122 0.029431 0.028516
1 0.333499 0.186805 0.035384 0.027550
1 0.380456 0.194538 0.047288 0.045916
1 0.548942 0.185355 0.044312 0.030449
1 0.091931 0.235863 0.032407 0.031899
1 0.140212 0.246013 0.036376 0.042533
1 0.199735 0.252296 0.055556 0.038666
1 0.255291 0.256887 0.026455 0.035283
1 0.299769 0.250846 0.038690 0.030933
1 0.314484 0.234413 0.012566 0.006767
1 0.340443 0.249396 0.030093 0.024166
1 0.382606 0.250362 0.044312 0.030933
1 0.452877 0.252054 0.056548 0.039149
1 0.511574 0.246254 0.038360 0.028516
1 0.567460 0.250362 0.054233 0.031899
1 0.630952 0.249396 0.039021 0.034799
1 0.703042 0.259062 0.076058 0.040599
1 0.767526 0.251812 0.027116 0.030933
1 0.807705 0.256162 0.026124 0.033833
1 0.847553 0.246254 0.047619 0.037216
1 0.907077 0.254229 0.050926 0.036733
1 0.928737 0.239729 0.014220 0.008700
1 0.103836 0.312711 0.074735 0.040599
1 0.166501 0.320203 0.025463 0.026583
1 0.212302 0.330111 0.046958 0.043499
1 0.197255 0.304495 0.010913 0.006767
1 0.273313 0.326003 0.052579 0.037216
1 0.319444 0.328420 0.027116 0.029483
1 0.358796 0.322378 0.033069 0.030933
1 0.404927 0.335911 0.053241 0.045433
1 0.464451 0.326245 0.047288 0.035766
1 0.515708 0.326970 0.025463 0.035283
1 0.575893 0.316820 0.060516 0.043983
1 0.641204 0.334219 0.050926 0.049783
1 0.712467 0.326970 0.049272 0.045916
1 0.770007 0.323828 0.045304 0.029966
1 0.832507 0.322136 0.056548 0.042049
1 0.884425 0.324795 0.022156 0.040599
1 0.927249 0.330111 0.055556 0.037699
1 0.072255 0.394393 0.030754 0.037699
1 0.121693 0.396810 0.043651 0.027066
1 0.270007 0.400435 0.036045 0.033349
1 0.319610 0.388594 0.012235 0.006767
1 0.172288 0.400435 0.039021 0.026583
1 0.220569 0.404785 0.041667 0.035283
1 0.307705 0.407202 0.029431 0.028516
1 0.366567 0.410826 0.053241 0.047366
1 0.439649 0.417593 0.088955 0.044466
1 0.512070 0.414693 0.025463 0.035766
1 0.552745 0.416143 0.034061 0.029000
1 0.597718 0.415660 0.037368 0.040599
1 0.654762 0.417593 0.050926 0.052199
1 0.717923 0.419285 0.044312 0.041083
1 0.810020 0.427985 0.105489 0.048816
1 0.137401 0.481150 0.024140 0.033349
1 0.180556 0.491058 0.021825 0.041566
1 0.177745 0.464476 0.012235 0.005800
1 0.228175 0.492992 0.047619 0.036733
1 0.301587 0.488400 0.056878 0.035283
1 0.377976 0.491300 0.060185 0.034316
1 0.449074 0.487434 0.023810 0.038183
1 0.482308 0.487917 0.034722 0.039149
1 0.541336 0.505558 0.085317 0.050266
1 0.616567 0.516675 0.028770 0.047366
1 0.686343 0.519333 0.086310 0.052682
1 0.756614 0.508700 0.031085 0.032383
1 0.060185 0.550024 0.035053 0.040599
1 0.111772 0.562107 0.044974 0.036733
1 0.167163 0.562591 0.053241 0.039633
1 0.227348 0.564524 0.043981 0.044466
1 0.279597 0.562349 0.042659 0.029483
1 0.336475 0.566457 0.048611 0.037699
1 0.392857 0.567666 0.031085 0.026583
1 0.431878 0.565007 0.025132 0.039633
1 0.468915 0.571774 0.025132 0.039633
1 0.530589 0.589415 0.085648 0.043983
1 0.635417 0.590865 0.110780 0.046883
1 0.740079 0.586999 0.042328 0.044949
1 0.755291 0.571532 0.013228 0.006283
1 0.133433 0.634364 0.038029 0.037216
1 0.186343 0.640406 0.048611 0.055099
1 0.188988 0.618415 0.011574 0.005317
1 0.240079 0.639923 0.037698 0.031899
1 0.291832 0.644514 0.043981 0.034316
1 0.360946 0.644998 0.067130 0.047849
1 0.431878 0.655631 0.057540 0.048816
1 0.499835 0.661431 0.059193 0.038183
1 0.570602 0.669889 0.061177 0.055099
1 0.125827 0.691155 0.050595 0.032866
1 0.637566 0.677864 0.076720 0.045916
1 0.711475 0.692605 0.041997 0.045433
1 0.187004 0.703722 0.039352 0.039633
1 0.254134 0.710005 0.076389 0.045433
1 0.611276 0.702755 0.018849 0.005800
1 0.338624 0.730304 0.062831 0.051232
1 0.428737 0.736346 0.083664 0.053649
1 0.511243 0.736829 0.054233 0.045916
1 0.534722 0.720155 0.014550 0.010633
1 0.598545 0.726196 0.026455 0.005317
1 0.606481 0.711455 0.026455 0.010633
1 0.155093 0.775012 0.050265 0.043016
1 0.214947 0.784437 0.070767 0.051232
1 0.300595 0.804253 0.107804 0.049299
1 0.398810 0.819961 0.074735 0.048816
1 0.483300 0.834944 0.079696 0.059449