1 0.500000 0.500000 1.000000 1.000000
1 0.080357 0.030136 0.031085 0.038172
1 0.128968 0.044199 0.040344 0.042190
1 0.295800 0.004269 0.020833 0.008538
1 0.727017 0.003516 0.010913 0.007032
1 0.734127 0.024611 0.011905 0.006027
1 0.794643 0.033400 0.050265 0.029633
1 0.853505 0.032396 0.048280 0.036665
1 0.188988 0.048970 0.032738 0.033651
1 0.241237 0.052486 0.040675 0.040683
1 0.298446 0.054244 0.038029 0.036163
1 0.337136 0.049473 0.028108 0.023606
1 0.371197 0.048719 0.028770 0.024108
1 0.405258 0.048970 0.028108 0.025615
1 0.460152 0.049975 0.057870 0.036665
1 0.535218 0.050477 0.065807 0.046710
1 0.605985 0.043194 0.047288 0.033149
1 0.654266 0.042943 0.030754 0.029633
1 0.686508 0.040683 0.019841 0.023104
1 0.731978 0.047715 0.052579 0.045203
1 0.107143 0.131341 0.082011 0.076846
1 0.519015 0.109744 0.031415 0.031642
1 0.574239 0.107233 0.054563 0.039679
1 0.641369 0.101457 0.046627 0.037167
1 0.700728 0.111251 0.054233 0.035660
1 0.765708 0.105726 0.030754 0.028629
1 0.802414 0.103717 0.032738 0.030638
1 0.840278 0.084882 0.013889 0.006027
1 0.866402 0.096936 0.063492 0.037167
1 0.187335 0.137368 0.063823 0.039679
1 0.258598 0.130337 0.045635 0.033651
1 0.316138 0.120794 0.038360 0.036665
1 0.354497 0.119287 0.023810 0.033651
1 0.395999 0.118031 0.039352 0.031140
1 0.432870 0.119789 0.023148 0.030638
1 0.470073 0.121045 0.028770 0.027122
1 0.894345 0.162230 0.014881 0.028127
1 0.352183 0.193119 0.038360 0.037670
1 0.452216 0.172526 0.012235 0.006529
1 0.511409 0.194877 0.069114 0.047212
1 0.594411 0.190105 0.064484 0.040683
1 0.654927 0.179809 0.047288 0.027122
1 0.695602 0.180311 0.018849 0.028127
1 0.729993 0.182572 0.043981 0.035660
1 0.785053 0.176796 0.036376 0.044199
1 0.846892 0.177047 0.064153 0.043697
1 0.067956 0.192115 0.023479 0.031642
1 0.107308 0.206931 0.031415 0.045203
1 0.176753 0.208187 0.075066 0.036665
1 0.256118 0.214465 0.036045 0.036163
1 0.299934 0.199146 0.034392 0.032647
1 0.411376 0.196635 0.041667 0.037670
1 0.453208 0.192366 0.018188 0.027122
1 0.830026 0.236062 0.030423 0.030136
1 0.869874 0.229784 0.036045 0.036665
1 0.349702 0.272476 0.057209 0.046710
1 0.409392 0.265947 0.034392 0.037670
1 0.462798 0.258915 0.043981 0.033651
1 0.518849 0.261929 0.039021 0.035660
1 0.570437 0.259417 0.029101 0.032647
1 0.621362 0.257659 0.045635 0.036163
1 0.661872 0.254897 0.013558 0.029633
1 0.694279 0.250879 0.048611 0.033651
1 0.743386 0.246861 0.031746 0.038674
1 0.788360 0.246861 0.040344 0.027624
1 0.124173 0.275992 0.026124 0.035660
1 0.154762 0.277750 0.018519 0.026118
1 0.153770 0.259417 0.013228 0.008538
1 0.187500 0.278754 0.019180 0.024108
1 0.257937 0.275741 0.087302 0.042190
1 0.924107 0.314917 0.030093 0.035158
1 0.070437 0.349573 0.048280 0.061276
1 0.275959 0.336765 0.026786 0.040683
1 0.322917 0.333752 0.051918 0.034656
1 0.382937 0.333250 0.044974 0.037670
1 0.425265 0.327976 0.016534 0.035158
1 0.457672 0.331241 0.046958 0.038674
1 0.509590 0.339277 0.025794 0.037670
1 0.551753 0.332245 0.028108 0.045706
1 0.597718 0.332998 0.052579 0.033149
1 0.645337 0.331743 0.018188 0.036665
1 0.694940 0.333250 0.053902 0.033651
1 0.766204 0.330236 0.075397 0.036665
1 0.860780 0.322702 0.083995 0.036665
1 0.126984 0.352587 0.047619 0.037167
1 0.188823 0.354345 0.037037 0.039679
1 0.232970 0.351331 0.038029 0.043697
1 0.463624 0.421396 0.050265 0.040181
1 0.695602 0.417378 0.043981 0.034154
1 0.748016 0.408086 0.023148 0.026620
1 0.789021 0.401808 0.041667 0.034154
1 0.843915 0.397539 0.039683 0.035660
1 0.896825 0.403566 0.054894 0.043697
1 0.075066 0.444249 0.037037 0.039679
1 0.173446 0.434706 0.049934 0.038674
1 0.232804 0.436213 0.037037 0.026620
1 0.266038 0.432446 0.027447 0.034154
1 0.321263 0.424159 0.044643 0.037670
1 0.368552 0.424661 0.011574 0.038674
1 0.404266 0.424912 0.040675 0.034154
1 0.512235 0.421647 0.020503 0.033651
1 0.559028 0.420894 0.042659 0.036163
1 0.625496 0.427675 0.083003 0.041688
1 0.120866 0.441487 0.026786 0.029131
1 0.821263 0.472125 0.039352 0.050226
1 0.875661 0.458815 0.049603 0.035660
1 0.913856 0.440482 0.012897 0.008036
1 0.630622 0.494224 0.049603 0.044199
1 0.693452 0.484179 0.045635 0.032145
1 0.760251 0.473380 0.060185 0.038674
1 0.126488 0.519086 0.018188 0.037670
1 0.240245 0.515319 0.055886 0.042190
1 0.491733 0.498995 0.039683 0.034656
1 0.557540 0.498242 0.060847 0.041185
1 0.170800 0.519839 0.040013 0.035158
1 0.128307 0.593923 0.047619 0.042692
1 0.194940 0.590909 0.052579 0.042692