1 0.500000 0.500000 1.000000 1.000000
1 0.100880 0.026951 0.032498 0.033689
1 0.146242 0.034531 0.021666 0.026390
1 0.182803 0.035093 0.033175 0.032004
1 0.228334 0.043796 0.038253 0.038181
1 0.315166 0.039585 0.025051 0.028636
1 0.357989 0.037619 0.034191 0.031443
1 0.400474 0.040146 0.031144 0.036496
1 0.404875 0.020775 0.012187 0.007861
1 0.452099 0.043515 0.053825 0.032004
1 0.509986 0.036777 0.036899 0.027513
1 0.553148 0.037619 0.033852 0.035935
1 0.622546 0.035654 0.079215 0.040988
1 0.678064 0.040427 0.023697 0.029197
1 0.725796 0.035093 0.050779 0.029759
1 0.777590 0.004773 0.016926 0.009545
1 0.933142 0.416620 0.133717 0.833240
1 0.274035 0.043515 0.035545 0.030882
1 0.787407 0.044076 0.056872 0.029759
1 0.835477 0.040988 0.027082 0.022459
1 0.873053 0.047445 0.031821 0.035373
1 0.100542 0.099102 0.041300 0.034250
1 0.440251 0.100225 0.049086 0.035373
1 0.489675 0.097979 0.028775 0.032004
1 0.524712 0.094048 0.024374 0.030882
1 0.569567 0.096575 0.048409 0.030320
1 0.641165 0.095733 0.023697 0.025267
1 0.678402 0.098821 0.039269 0.042673
1 0.751862 0.100786 0.041300 0.039865
1 0.816520 0.099663 0.071767 0.032004
1 0.167231 0.106682 0.068382 0.041550
1 0.237305 0.114262 0.054841 0.025267
1 0.288761 0.111735 0.025728 0.023582
1 0.331246 0.107243 0.040961 0.038181
1 0.385410 0.107243 0.042993 0.038181
1 0.612390 0.103874 0.023697 0.032566
1 0.716825 0.098821 0.024712 0.025828
1 0.882701 0.105559 0.040961 0.037058
1 0.681787 0.155811 0.063643 0.032004
1 0.085816 0.173498 0.026743 0.048287
1 0.150982 0.182201 0.082600 0.045480
1 0.227827 0.179113 0.056872 0.039304
1 0.278775 0.178551 0.024712 0.023582
1 0.320921 0.174902 0.040623 0.026390
1 0.371022 0.169287 0.037915 0.030882
1 0.407752 0.167041 0.022004 0.024144
1 0.451083 0.162268 0.049086 0.032566
1 0.512864 0.160865 0.046039 0.039865
1 0.571767 0.164795 0.051456 0.033127
1 0.624238 0.165637 0.037238 0.039304
1 0.745938 0.160865 0.041638 0.039865
1 0.796039 0.160584 0.041638 0.025828
1 0.842248 0.162268 0.038592 0.025828
1 0.471056 0.232454 0.042993 0.035935
1 0.511002 0.235261 0.026066 0.026951
1 0.562288 0.236946 0.059580 0.041550
1 0.642180 0.235823 0.083277 0.037058
1 0.736121 0.232734 0.080907 0.034250
1 0.795362 0.235823 0.029452 0.025828
1 0.841571 0.227400 0.051456 0.035935
1 0.895904 0.234980 0.036899 0.040988
1 0.081246 0.249860 0.027082 0.037058
1 0.124746 0.249017 0.049086 0.038742
1 0.176879 0.253509 0.039607 0.035373
1 0.182464 0.231331 0.013541 0.008984
1 0.240183 0.249298 0.068043 0.033689
1 0.308057 0.245649 0.042654 0.034250
1 0.364421 0.243403 0.042316 0.026390
1 0.413846 0.243683 0.039607 0.026951
1 0.106127 0.324256 0.027420 0.033127
1 0.351388 0.323975 0.048070 0.044919
1 0.408260 0.322010 0.050779 0.042111
1 0.486798 0.312465 0.090047 0.033127
1 0.555179 0.313588 0.024374 0.029759
1 0.593602 0.318360 0.040961 0.037058
1 0.646242 0.305727 0.044685 0.035373
1 0.730196 0.320606 0.100203 0.042673
1 0.798747 0.316395 0.025389 0.026390
1 0.848172 0.307412 0.063304 0.035373
1 0.908599 0.309657 0.053487 0.036496
1 0.140826 0.329309 0.025728 0.028636
1 0.187373 0.329871 0.057888 0.029759
1 0.257278 0.328186 0.060934 0.034250
1 0.308734 0.330994 0.025728 0.040988
1 0.105281 0.397810 0.025728 0.036496
1 0.185511 0.418304 0.111713 0.051656
1 0.455992 0.403987 0.046716 0.043234
1 0.510494 0.411005 0.037915 0.037058
1 0.566520 0.409882 0.062627 0.050533
1 0.628301 0.403706 0.039269 0.035935
1 0.667231 0.405952 0.024374 0.038181
1 0.706500 0.395564 0.042654 0.033127
1 0.747800 0.399775 0.023020 0.030320
1 0.778097 0.410724 0.024712 0.042111
1 0.821090 0.398933 0.048409 0.036496
1 0.889980 0.393038 0.084631 0.040427
1 0.269465 0.416620 0.034529 0.028074
1 0.275389 0.398372 0.012525 0.006176
1 0.340217 0.422796 0.083277 0.048287
1 0.406737 0.412690 0.032160 0.035935
1 0.400982 0.496350 0.034868 0.043796
1 0.447190 0.485121 0.037238 0.037058
1 0.490014 0.479225 0.026743 0.037619
1 0.528605 0.482313 0.026066 0.026951
1 0.592756 0.478944 0.086662 0.039304
1 0.661137 0.480629 0.027082 0.029197
1 0.733920 0.477821 0.107651 0.043796
1 0.808903 0.478944 0.027420 0.030320
1 0.865606 0.476979 0.073798 0.037619
1 0.926710 0.478944 0.030129 0.029197
1 0.108328 0.496912 0.032498 0.029197
1 0.143534 0.495508 0.031821 0.035373
1 0.214116 0.496912 0.079553 0.037058
1 0.281313 0.496912 0.027759 0.029197
1 0.340894 0.493262 0.063643 0.032004
1 0.494753 0.575239 0.049763 0.039865
1 0.545024 0.568220 0.026405 0.040427
1 0.607143 0.577765 0.068043 0.051656
1 0.665030 0.573835 0.026066 0.029197
1 0.714624 0.568501 0.059580 0.034250
1 0.772512 0.568220 0.033852 0.037058
1 0.820921 0.575239 0.037915 0.040988
1 0.878470 0.574396 0.069059 0.042673
1 0.930095 0.572712 0.024712 0.038181
1 0.142180 0.597417 0.083277 0.057271
1 0.235274 0.589276 0.078538 0.039865
1 0.300271 0.589276 0.027082 0.029759
1 0.353758 0.584784 0.060934 0.034250
1 0.415538 0.581696 0.034868 0.034812
1 0.450406 0.583099 0.017265 0.027513
1 0.353081 0.686412 0.027082 0.032004
1 0.402505 0.693150 0.048747 0.051095
1 0.461747 0.685851 0.050779 0.039865
1 0.514726 0.690062 0.032160 0.046042
1 0.568551 0.678551 0.057888 0.038742
1 0.625931 0.682482 0.024374 0.037619
1 0.676202 0.670691 0.057211 0.036496
1 0.751185 0.673779 0.064997 0.039304
1 0.835139 0.672094 0.085308 0.043796
1 0.901490 0.664234 0.029790 0.032566
1 0.937204 0.666480 0.032837 0.030320
1 0.390487 0.775688 0.057888 0.046603
1 0.541469 0.772038 0.027420 0.033689
1 0.637441 0.764739 0.058226 0.040427
1 0.689912 0.771196 0.026405 0.047726
1 0.740183 0.760809 0.060596 0.043796
1 0.806534 0.754351 0.049086 0.039865
1 0.896073 0.766423 0.119838 0.053902
1 0.328030 0.785514 0.035884 0.047165
1 0.889980 0.907917 0.037915 0.039304
1 0.948883 0.905952 0.074475 0.053341