1 0.029304 0.056680 0.051282 0.046270
1 0.099715 0.057259 0.046398 0.038172
1 0.187424 0.056391 0.067969 0.037594
1 0.278388 0.057837 0.048840 0.038172
1 0.352462 0.058415 0.047212 0.034702
1 0.442613 0.057837 0.071225 0.039329
1 0.530118 0.056391 0.044363 0.035281
1 0.600936 0.059861 0.046805 0.038751
1 0.685185 0.053210 0.060643 0.038172
1 0.764550 0.057259 0.053317 0.033545
1 0.826414 0.058704 0.039479 0.035281
1 0.885226 0.058704 0.051282 0.037594
1 0.951974 0.061018 0.051282 0.037594
1 0.583232 0.126084 0.065120 0.037016
1 0.661783 0.127241 0.058608 0.037016
1 0.742572 0.129555 0.071225 0.040486
1 0.822548 0.127820 0.056166 0.035859
1 0.901099 0.128109 0.069190 0.041064
1 0.048230 0.143146 0.091575 0.037594
1 0.135938 0.141411 0.056166 0.031810
1 0.206960 0.144303 0.046805 0.044534
1 0.277574 0.135917 0.066748 0.031232
1 0.359585 0.135338 0.058201 0.033545
1 0.435897 0.133025 0.057794 0.030075
1 0.511803 0.136784 0.059015 0.038751
1 0.736060 0.220359 0.063085 0.037016
1 0.800773 0.214864 0.038665 0.031810
1 0.852869 0.213418 0.038665 0.035859
1 0.893162 0.211683 0.013431 0.031232
1 0.946276 0.212551 0.065934 0.042221
1 0.022182 0.229902 0.042735 0.037594
1 0.067562 0.225564 0.014652 0.028918
1 0.101750 0.231637 0.047212 0.031810
1 0.149166 0.227299 0.021571 0.024291
1 0.212658 0.230480 0.076923 0.042221
1 0.285714 0.224407 0.041514 0.035859
1 0.336589 0.222383 0.025234 0.030654
1 0.386854 0.223829 0.068783 0.040486
1 0.450346 0.223540 0.029711 0.028340
1 0.497965 0.227588 0.050061 0.032967
1 0.554945 0.222672 0.044363 0.027762
1 0.618030 0.222672 0.050061 0.037016
1 0.671347 0.226431 0.039479 0.035281
1 0.495726 0.301909 0.038258 0.033545
1 0.556370 0.298149 0.065934 0.036437
1 0.648962 0.299595 0.090761 0.038172
1 0.732194 0.299884 0.043956 0.031810
1 0.783069 0.294101 0.034188 0.034124
1 0.822751 0.298149 0.039479 0.031810
1 0.885429 0.294101 0.055759 0.037594
1 0.938339 0.291498 0.036223 0.034702
1 0.066138 0.318971 0.124949 0.046848
1 0.148962 0.312608 0.022792 0.032967
1 0.189052 0.312030 0.038665 0.031810
1 0.255596 0.316657 0.064306 0.042221
1 0.314204 0.307403 0.022792 0.027183
1 0.352462 0.305668 0.038258 0.030654
1 0.391534 0.306536 0.021978 0.031232
1 0.435490 0.308849 0.043956 0.038172
1 0.063696 0.390399 0.050875 0.031232
1 0.117827 0.388664 0.038665 0.034702
1 0.168295 0.386640 0.035409 0.034124
1 0.218559 0.384905 0.032560 0.035281
1 0.271876 0.386929 0.054538 0.033545
1 0.329670 0.391845 0.039886 0.041064
1 0.393162 0.384905 0.059422 0.030654
1 0.465201 0.386061 0.057794 0.050318
1 0.540904 0.382013 0.065120 0.044534
1 0.606024 0.373916 0.032560 0.032967
1 0.650794 0.373916 0.037444 0.039907
1 0.718356 0.375940 0.070818 0.035859
1 0.791819 0.371602 0.050875 0.032967
1 0.838421 0.371602 0.024420 0.034124
1 0.874033 0.371024 0.032967 0.037594
1 0.920431 0.369289 0.053317 0.032967
1 0.970696 0.368710 0.029304 0.037594
1 0.014245 0.394737 0.026048 0.024870
1 0.029915 0.478600 0.059829 0.032967
1 0.113146 0.478311 0.083028 0.039329
1 0.246439 0.473395 0.039479 0.032967
1 0.296093 0.471949 0.037851 0.040486
1 0.353480 0.471949 0.046805 0.041643
1 0.418600 0.470503 0.049247 0.029497
1 0.473952 0.468190 0.037037 0.036437
1 0.515263 0.470792 0.030932 0.026605
1 0.566748 0.473973 0.044363 0.043378
1 0.632886 0.467322 0.060236 0.033545
1 0.697192 0.462984 0.039072 0.031810
1 0.745421 0.462406 0.035409 0.030654
1 0.805047 0.465587 0.055352 0.048583
1 0.864672 0.452285 0.034595 0.032389
1 0.907611 0.455466 0.041514 0.031810
1 0.953805 0.457779 0.040293 0.030654
1 0.189866 0.479179 0.040293 0.030654
1 0.826618 0.536148 0.026048 0.033545
1 0.873626 0.533835 0.044363 0.032389
1 0.956044 0.532099 0.087912 0.035859
1 0.008344 0.553499 0.015059 0.027762
1 0.044770 0.556102 0.042328 0.038751
1 0.115588 0.556102 0.064306 0.035281
1 0.175010 0.554078 0.023606 0.032389
1 0.214489 0.556102 0.021164 0.028340
1 0.267603 0.552053 0.052503 0.042221
1 0.326007 0.547426 0.026862 0.032967
1 0.360195 0.548583 0.021164 0.032967
1 0.411274 0.550318 0.052503 0.039907
1 0.472324 0.549740 0.032967 0.028340
1 0.537851 0.552053 0.071225 0.042221
1 0.612943 0.541353 0.039072 0.034702
1 0.653032 0.542510 0.024013 0.025448
1 0.689255 0.540197 0.032967 0.033545
1 0.734025 0.544534 0.046805 0.039907
1 0.785918 0.537305 0.038258 0.033545
1 0.029915 0.626374 0.059829 0.045113
1 0.205739 0.621168 0.054945 0.041643
1 0.259056 0.619144 0.028083 0.031810
1 0.299959 0.617698 0.033374 0.033545
1 0.349003 0.618276 0.054131 0.043956
1 0.410663 0.620301 0.044770 0.036437
1 0.470696 0.618566 0.058201 0.037594
1 0.547009 0.617698 0.065120 0.040486
1 0.619658 0.607866 0.061457 0.038172
1 0.695971 0.610468 0.045584 0.042221
1 0.762922 0.611047 0.069597 0.028340
1 0.845747 0.605842 0.064306 0.037594
1 0.898657 0.603817 0.013838 0.032389
1 0.931827 0.606420 0.037037 0.024870
1 0.972120 0.608733 0.021571 0.026027
1 0.091168 0.626374 0.040700 0.027762
1 0.139805 0.623482 0.041107 0.028918
1 0.932438 0.681029 0.034188 0.034124
1 0.975580 0.677848 0.036630 0.037016
1 0.076109 0.710237 0.051282 0.033545
1 0.143468 0.709080 0.055759 0.045113
1 0.211640 0.700694 0.055352 0.037594
1 0.265975 0.692886 0.039479 0.035859
1 0.322751 0.698959 0.050468 0.044534
1 0.371795 0.692019 0.027269 0.032967
1 0.417175 0.697224 0.036630 0.044534
1 0.474359 0.694043 0.063085 0.031232
1 0.537037 0.691151 0.028083 0.028918
1 0.602361 0.696935 0.091168 0.034702
1 0.672568 0.690573 0.024013 0.033545
1 0.725682 0.694910 0.057794 0.035281
1 0.731990 0.669173 0.015059 0.008097
1 0.795686 0.694043 0.058608 0.033545
1 0.866911 0.693754 0.061050 0.045691
1 0.018722 0.711105 0.037444 0.034124
1 0.821937 0.773858 0.090761 0.047426
1 0.024420 0.788317 0.048840 0.037016
1 0.093203 0.796414 0.059422 0.042799
1 0.161579 0.784847 0.048840 0.033545
1 0.243183 0.776460 0.092389 0.042221
1 0.326414 0.777906 0.056166 0.035859
1 0.376272 0.782244 0.029711 0.034124
1 0.414326 0.777617 0.034188 0.037594
1 0.461538 0.780509 0.049654 0.034124
1 0.522182 0.777039 0.054538 0.031810
1 0.568376 0.775593 0.028083 0.032389
1 0.619862 0.777906 0.034188 0.032389
1 0.695360 0.772412 0.095645 0.035281
1 0.759463 0.770966 0.020350 0.032389
1 0.903337 0.770677 0.051689 0.030654
1 0.937729 0.774147 0.016280 0.015616
1 0.168295 0.834008 0.016687 0.006940
1 0.204925 0.855986 0.044363 0.038172
1 0.245014 0.851359 0.021978 0.034702
1 0.281644 0.851938 0.037444 0.033545
1 0.326618 0.855986 0.038665 0.037016
1 0.427554 0.851648 0.022385 0.032967
1 0.503867 0.850202 0.043956 0.040486
1 0.551689 0.852227 0.040293 0.035281
1 0.598901 0.855119 0.034595 0.037594
1 0.628409 0.845865 0.021978 0.035281
1 0.674196 0.848757 0.042735 0.035281
1 0.725478 0.842973 0.045177 0.036437
1 0.771469 0.844997 0.037037 0.030075
1 0.820106 0.846732 0.049654 0.030075
1 0.864672 0.839213 0.025641 0.033545
1 0.897029 0.838924 0.035002 0.034124
1 0.950346 0.837478 0.048840 0.035859
1 0.065120 0.860613 0.122100 0.039329
1 0.157102 0.856854 0.035816 0.034124
1 0.380952 0.853962 0.052910 0.029497
1 0.460724 0.855119 0.027676 0.029497
1 0.038462 0.928282 0.076923 0.037016
1 0.117013 0.935223 0.052503 0.031232
1 0.125560 0.913245 0.015059 0.012724
1 0.198413 0.938115 0.062271 0.041643
1 0.265364 0.932620 0.029304 0.045691
1 0.318274 0.932620 0.039886 0.030654
1 0.381766 0.934355 0.075702 0.039907
1 0.446276 0.932620 0.027269 0.034124
1 0.521368 0.930017 0.097680 0.034702
1 0.605617 0.931463 0.057794 0.036437
1 0.664835 0.932620 0.037851 0.041064
1 0.710012 0.930017 0.036223 0.032389
1 0.784900 0.931463 0.102157 0.041064
1 0.907814 0.926547 0.137973 0.040486