1 0.500000 0.500000 1.000000 1.000000
1 0.934285 0.382487 0.131430 0.764975
1 0.125788 0.054569 0.041155 0.036041
1 0.183538 0.057614 0.035845 0.028934
1 0.252406 0.056599 0.053435 0.027919
1 0.324593 0.056091 0.037836 0.028934
1 0.382343 0.055584 0.037172 0.025888
1 0.452207 0.054061 0.055426 0.029949
1 0.519748 0.052284 0.035181 0.027411
1 0.574676 0.054569 0.037504 0.029949
1 0.640558 0.048731 0.049120 0.029442
1 0.703286 0.051523 0.043810 0.025888
1 0.752904 0.052030 0.033521 0.027919
1 0.800365 0.051015 0.042814 0.028934
1 0.853302 0.051523 0.043810 0.028934
1 0.446233 0.111929 0.046133 0.023858
1 0.506140 0.114467 0.047129 0.029949
1 0.562728 0.105584 0.052108 0.029442
1 0.624627 0.106091 0.047793 0.029442
1 0.689346 0.107360 0.058414 0.031980
1 0.754232 0.105584 0.046133 0.028426
1 0.818619 0.104061 0.058745 0.031472
1 0.134252 0.121574 0.076004 0.032995
1 0.206273 0.122081 0.045470 0.024873
1 0.262861 0.124112 0.037172 0.035025
1 0.320279 0.115736 0.053767 0.023350
1 0.386160 0.114721 0.046133 0.026396
1 0.864421 0.169036 0.054763 0.034518
1 0.105377 0.189594 0.033521 0.031980
1 0.143379 0.189086 0.011948 0.023858
1 0.262197 0.192893 0.063724 0.035533
1 0.322934 0.185787 0.033190 0.029442
1 0.364753 0.183503 0.019914 0.025888
1 0.405908 0.184518 0.055095 0.034010
1 0.457351 0.183756 0.023896 0.023350
1 0.496017 0.186294 0.040823 0.027411
1 0.542151 0.181980 0.036177 0.022843
1 0.593428 0.181980 0.041819 0.030964
1 0.637073 0.184772 0.032858 0.029442
1 0.690176 0.180457 0.053435 0.030964
1 0.743611 0.175127 0.031530 0.027411
1 0.786591 0.173604 0.034517 0.029442
1 0.819947 0.171320 0.013608 0.025888
1 0.171258 0.194924 0.039164 0.026396
1 0.210090 0.190863 0.017259 0.020305
1 0.734816 0.242132 0.029871 0.029442
1 0.820113 0.240863 0.048457 0.031980
1 0.865417 0.236294 0.030202 0.029949
1 0.103385 0.265482 0.042151 0.042640
1 0.160139 0.268020 0.053435 0.035533
1 0.204281 0.262944 0.018254 0.028426
1 0.237969 0.261929 0.032526 0.027411
1 0.294059 0.264975 0.052439 0.036548
1 0.343014 0.255584 0.018918 0.023858
1 0.375041 0.253553 0.031862 0.026904
1 0.408065 0.254061 0.017590 0.026904
1 0.444408 0.255584 0.036508 0.034010
1 0.494358 0.248985 0.031530 0.028934
1 0.544640 0.245431 0.054431 0.031980
1 0.622303 0.246701 0.076336 0.033503
1 0.692167 0.247462 0.038168 0.027919
1 0.768669 0.244924 0.033853 0.027919
1 0.468968 0.323096 0.048457 0.045178
1 0.533521 0.318782 0.055426 0.040609
1 0.588616 0.311421 0.028211 0.029949
1 0.626618 0.311675 0.031198 0.035533
1 0.685032 0.314213 0.061732 0.032487
1 0.748423 0.309391 0.044474 0.029949
1 0.787587 0.309137 0.022569 0.030457
1 0.818619 0.307614 0.030202 0.032487
1 0.858281 0.304569 0.047129 0.029442
1 0.902091 0.302030 0.024560 0.033503
1 0.080816 0.330964 0.022237 0.022335
1 0.125124 0.329442 0.044474 0.028426
1 0.172088 0.329695 0.034849 0.030964
1 0.214736 0.327411 0.030534 0.030457
1 0.257717 0.325381 0.026884 0.031472
1 0.303352 0.326650 0.047129 0.029949
1 0.353302 0.329695 0.034185 0.037056
1 0.407235 0.322843 0.050448 0.028426
1 0.671922 0.393655 0.034849 0.029949
1 0.714570 0.392893 0.031862 0.029442
1 0.766678 0.395178 0.050448 0.045178
1 0.817292 0.381472 0.031530 0.029949
1 0.856787 0.382741 0.036177 0.030457
1 0.896781 0.383503 0.035845 0.029949
1 0.086957 0.408629 0.050448 0.032487
1 0.159808 0.411421 0.072021 0.038071
1 0.227348 0.411929 0.035845 0.028934
1 0.277132 0.406345 0.032526 0.030964
1 0.320611 0.404569 0.033190 0.038579
1 0.370561 0.403807 0.040159 0.040102
1 0.427481 0.401777 0.042483 0.027919
1 0.476435 0.398985 0.031530 0.035533
1 0.512446 0.401269 0.026552 0.025888
1 0.557584 0.404315 0.038500 0.042132
1 0.615168 0.397970 0.052108 0.032487
1 0.600896 0.469543 0.034849 0.034518
1 0.669432 0.468020 0.029871 0.032487
1 0.709260 0.471574 0.040491 0.038579
1 0.756057 0.463959 0.034517 0.032487
1 0.792234 0.461929 0.022569 0.032487
1 0.833057 0.459137 0.039164 0.030964
1 0.058248 0.479949 0.013608 0.027919
1 0.090939 0.484010 0.039164 0.039086
1 0.155161 0.486294 0.058082 0.037563
1 0.208928 0.483503 0.020909 0.031980
1 0.243279 0.485533 0.018586 0.026904
1 0.291570 0.481726 0.046797 0.041624
1 0.343180 0.475888 0.023233 0.034010
1 0.373714 0.477665 0.018586 0.032487
1 0.420179 0.479188 0.045802 0.038579
1 0.474776 0.477919 0.028875 0.027919
1 0.533687 0.480457 0.063060 0.042132
1 0.636575 0.470305 0.021241 0.024873
1 0.168271 0.548985 0.043810 0.037056
1 0.231331 0.550254 0.049120 0.042640
1 0.279622 0.547970 0.024892 0.031980
1 0.317126 0.546447 0.028875 0.032995
1 0.361932 0.547208 0.048789 0.044670
1 0.418520 0.548985 0.039827 0.037056
1 0.473448 0.546701 0.052108 0.038579
1 0.542980 0.545685 0.059077 0.041624
1 0.609359 0.535279 0.055095 0.038071
1 0.679057 0.537056 0.041155 0.042640
1 0.741122 0.536548 0.063060 0.029442
1 0.815466 0.530203 0.061069 0.037056
1 0.863923 0.526650 0.015267 0.032995
1 0.895785 0.528173 0.034517 0.025888
1 0.933953 0.529695 0.019250 0.026904
1 0.126120 0.555330 0.039164 0.030457
1 0.946731 0.601777 0.036177 0.040102
1 0.282443 0.624873 0.037172 0.037563
1 0.335380 0.630964 0.046133 0.047716
1 0.380518 0.623858 0.024228 0.034518
1 0.422834 0.629695 0.033190 0.047208
1 0.476767 0.625635 0.058082 0.034010
1 0.535347 0.622335 0.025224 0.030457
1 0.661965 0.620051 0.022237 0.035025
1 0.711583 0.624365 0.053767 0.037563
1 0.716396 0.596954 0.012944 0.009137
1 0.777962 0.622843 0.055095 0.035533
1 0.844673 0.620812 0.059077 0.049746
1 0.905244 0.606091 0.031530 0.036548
1 0.597079 0.627919 0.084965 0.036548
1 0.809492 0.709391 0.088948 0.052284
1 0.334882 0.716497 0.052439 0.039086
1 0.382841 0.721320 0.027547 0.037563
1 0.418852 0.715990 0.031198 0.042132
1 0.464155 0.719289 0.046133 0.037563
1 0.522735 0.714975 0.051112 0.035025
1 0.567043 0.712944 0.024892 0.036041
1 0.616495 0.714975 0.032194 0.036041
1 0.688848 0.708376 0.089280 0.039086
1 0.749585 0.706345 0.020246 0.036041
1 0.890143 0.704822 0.051112 0.035025
1 0.923996 0.708122 0.013276 0.018274
1 0.945735 0.781980 0.052771 0.043147
1 0.251245 0.799746 0.019914 0.041117
1 0.287089 0.800254 0.034517 0.039086
1 0.332227 0.805584 0.036508 0.043655
1 0.384832 0.802792 0.050116 0.034010
1 0.430634 0.800508 0.020909 0.038579
1 0.505642 0.798477 0.041487 0.047716
1 0.552771 0.800761 0.037504 0.041117
1 0.598739 0.803553 0.032526 0.043655
1 0.627946 0.792640 0.019914 0.041117
1 0.673083 0.795685 0.039827 0.042132
1 0.723034 0.789086 0.041487 0.043147
1 0.767342 0.790863 0.035181 0.035533
1 0.816296 0.793147 0.050116 0.036041
1 0.860106 0.783756 0.028211 0.040609
1 0.892964 0.784264 0.036177 0.040609
1 0.463326 0.804315 0.025224 0.034010
1 0.960836 0.862944 0.012612 0.006091
1 0.265350 0.898731 0.028211 0.058376
1 0.319117 0.898477 0.038832 0.038579
1 0.383007 0.900254 0.075008 0.049239
1 0.448224 0.897716 0.024892 0.043147