1 0.644689 0.045198 0.043142 0.037288
1 0.694546 0.040113 0.050061 0.031638
1 0.027473 0.045198 0.045991 0.032768
1 0.080586 0.044915 0.014652 0.027684
1 0.116606 0.052542 0.033781 0.023729
1 0.178063 0.049718 0.057387 0.032768
1 0.250305 0.050847 0.038258 0.030508
1 0.327025 0.056215 0.070411 0.035593
1 0.399064 0.048023 0.048433 0.029379
1 0.445462 0.057345 0.027269 0.038983
1 0.493488 0.043785 0.050875 0.031073
1 0.555352 0.048870 0.037851 0.029944
1 0.599512 0.047175 0.039072 0.035593
1 0.764550 0.048023 0.050061 0.030508
1 0.826211 0.050847 0.032560 0.040678
1 0.871795 0.049718 0.034188 0.027119
1 0.918803 0.049435 0.055759 0.031073
1 0.978429 0.052825 0.043142 0.028814
1 0.020554 0.133051 0.037851 0.041243
1 0.083435 0.127966 0.062678 0.036723
1 0.151201 0.123446 0.025641 0.029944
1 0.492877 0.134463 0.058608 0.044068
1 0.584656 0.126554 0.025641 0.029379
1 0.638177 0.120904 0.048840 0.030508
1 0.705942 0.122881 0.059015 0.025424
1 0.768417 0.117514 0.036630 0.025989
1 0.849003 0.123164 0.095238 0.037288
1 0.924501 0.116667 0.030525 0.032203
1 0.970289 0.113277 0.047212 0.026554
1 0.194750 0.127684 0.029711 0.023729
1 0.275946 0.129096 0.080586 0.029944
1 0.363451 0.133616 0.061050 0.041243
1 0.430199 0.133333 0.029304 0.040678
1 0.541718 0.127966 0.032560 0.025424
1 0.125560 0.209887 0.047619 0.028814
1 0.193732 0.208192 0.059422 0.041243
1 0.261498 0.202542 0.037851 0.031073
1 0.305657 0.203390 0.026048 0.023729
1 0.345950 0.203390 0.033374 0.023729
1 0.402523 0.205085 0.052096 0.027119
1 0.455026 0.207910 0.030932 0.042938
1 0.501221 0.207627 0.047619 0.027684
1 0.544363 0.202542 0.019943 0.028814
1 0.594017 0.201130 0.052503 0.032768
1 0.649369 0.203955 0.027269 0.042938
1 0.682743 0.195480 0.029711 0.031638
1 0.727717 0.202825 0.048840 0.030508
1 0.776150 0.196328 0.039072 0.031073
1 0.837607 0.200847 0.052910 0.036723
1 0.893162 0.203390 0.040293 0.036158
1 0.946683 0.194350 0.042328 0.031638
1 0.041718 0.213277 0.082621 0.031073
1 0.830688 0.272316 0.091982 0.045198
1 0.911070 0.265537 0.045991 0.031638
1 0.971510 0.271469 0.056980 0.048023
1 0.031746 0.288136 0.061050 0.036158
1 0.086081 0.289266 0.027269 0.036158
1 0.137159 0.277401 0.049654 0.030508
1 0.195157 0.272034 0.058201 0.031073
1 0.249084 0.280791 0.023606 0.036158
1 0.288156 0.276554 0.038258 0.037853
1 0.332723 0.283333 0.028083 0.035593
1 0.380749 0.277119 0.048433 0.033333
1 0.452177 0.281921 0.070004 0.033898
1 0.518315 0.288701 0.038665 0.040678
1 0.578144 0.277119 0.056573 0.035593
1 0.641026 0.278531 0.050468 0.027119
1 0.694139 0.279944 0.033781 0.037853
1 0.747253 0.272316 0.058608 0.035028
1 0.266992 0.350000 0.057794 0.034463
1 0.328246 0.345198 0.030525 0.030508
1 0.372812 0.346610 0.045584 0.025424
1 0.432845 0.348870 0.049247 0.029944
1 0.514042 0.344350 0.083842 0.035593
1 0.590151 0.350000 0.043142 0.027684
1 0.645096 0.350282 0.043142 0.025989
1 0.699430 0.344350 0.048433 0.027684
1 0.745014 0.341525 0.023199 0.024294
1 0.786325 0.341243 0.042328 0.032768
1 0.835979 0.339548 0.029304 0.029379
1 0.885633 0.340678 0.048026 0.030508
1 0.953195 0.346328 0.061864 0.041808
1 0.015263 0.368644 0.030525 0.026554
1 0.022996 0.352825 0.014245 0.006215
1 0.069190 0.367797 0.045584 0.036158
1 0.113757 0.365537 0.029711 0.029379
1 0.160765 0.359040 0.041514 0.033333
1 0.212047 0.356780 0.030118 0.025424
1 0.682133 0.406780 0.041514 0.030508
1 0.722833 0.406497 0.019536 0.023164
1 0.757224 0.408192 0.041921 0.032203
1 0.809727 0.404802 0.037851 0.029944
1 0.871998 0.404237 0.064713 0.031073
1 0.940171 0.409322 0.048840 0.037853
1 0.115995 0.430226 0.030118 0.029944
1 0.173789 0.436158 0.066748 0.039548
1 0.235653 0.425989 0.029304 0.028249
1 0.276964 0.422881 0.032967 0.024294
1 0.315018 0.429661 0.037444 0.035593
1 0.358771 0.418644 0.044363 0.032768
1 0.420431 0.419492 0.056980 0.028814
1 0.474766 0.418079 0.032967 0.028249
1 0.520554 0.419209 0.035816 0.032768
1 0.556980 0.414124 0.013431 0.027119
1 0.582214 0.417797 0.034595 0.026554
1 0.629630 0.410734 0.041514 0.028249
1 0.023403 0.438701 0.045991 0.028814
1 0.070208 0.436723 0.026455 0.022599
1 0.373626 0.495198 0.052910 0.035593
1 0.416565 0.492373 0.021571 0.025424
1 0.448921 0.494915 0.035816 0.042938
1 0.491046 0.492373 0.024827 0.032203
1 0.520554 0.494350 0.023606 0.031638
1 0.563696 0.494068 0.059422 0.032203
1 0.612332 0.483051 0.021571 0.027119
1 0.646317 0.484746 0.037444 0.041808
1 0.689459 0.480791 0.029304 0.033898
1 0.730362 0.473729 0.043549 0.033333
1 0.783476 0.473164 0.028490 0.033333
1 0.833740 0.474011 0.046805 0.032768
1 0.879121 0.480508 0.033374 0.025424
1 0.890924 0.462429 0.014652 0.007345
1 0.948107 0.487288 0.080179 0.043503
1 0.027473 0.516949 0.054945 0.040678
1 0.098087 0.507627 0.052096 0.035593
1 0.162800 0.501412 0.013838 0.028814
1 0.196174 0.503955 0.047212 0.023729
1 0.263329 0.498023 0.056980 0.035593
1 0.314204 0.502542 0.043142 0.041243
1 0.134514 0.514689 0.015059 0.010169
1 0.584656 0.552542 0.045991 0.036158
1 0.647538 0.556497 0.052096 0.042938
1 0.713268 0.554237 0.053317 0.044068
1 0.845747 0.552542 0.047212 0.036158
1 0.917379 0.560452 0.074888 0.051977
1 0.017094 0.578814 0.034188 0.028814
1 0.051486 0.561299 0.014245 0.006215
1 0.062068 0.578814 0.033781 0.034463
1 0.164835 0.575141 0.059422 0.037288
1 0.217949 0.572316 0.028897 0.023729
1 0.268620 0.570621 0.048026 0.028249
1 0.332519 0.564972 0.066748 0.040678
1 0.404355 0.573446 0.052503 0.035028
1 0.463573 0.569209 0.052910 0.042373
1 0.526252 0.567514 0.056166 0.041243
1 0.783476 0.560452 0.060236 0.047458
1 0.108262 0.583616 0.035816 0.035028
1 0.039683 0.652542 0.079365 0.033898
1 0.114774 0.655932 0.043142 0.027119
1 0.170533 0.653390 0.056980 0.038983
1 0.232601 0.652825 0.042735 0.040113
1 0.298331 0.647740 0.054538 0.033333
1 0.363655 0.648870 0.060643 0.029944
1 0.425112 0.644350 0.025641 0.032203
1 0.472527 0.648588 0.055352 0.032768
1 0.526862 0.639831 0.029711 0.029944
1 0.568580 0.642938 0.035002 0.023729
1 0.636142 0.641525 0.074888 0.037853
1 0.707774 0.639548 0.043956 0.031638
1 0.757021 0.640113 0.029304 0.025989
1 0.812373 0.641808 0.056980 0.035028
1 0.864876 0.638983 0.029304 0.024859
1 0.919007 0.640960 0.060236 0.029944
1 0.969068 0.645480 0.035816 0.025424
1 0.396622 0.660452 0.015059 0.006780
1 0.791616 0.720621 0.043142 0.029944
1 0.868742 0.715537 0.024013 0.027684
1 0.912902 0.721469 0.053724 0.048588
1 0.035816 0.740395 0.064306 0.041243
1 0.094831 0.737006 0.029304 0.031073
1 0.135938 0.741808 0.029304 0.035028
1 0.191901 0.742373 0.050061 0.036158
1 0.254579 0.738136 0.044363 0.027684
1 0.311559 0.734181 0.048433 0.032203
1 0.368946 0.740395 0.040293 0.032203
1 0.430810 0.737853 0.072853 0.038418
1 0.501832 0.733333 0.040700 0.039548
1 0.543346 0.725141 0.026862 0.029944
1 0.597680 0.728531 0.058201 0.038983
1 0.650590 0.730508 0.034595 0.039548
1 0.704111 0.729379 0.048026 0.040678
1 0.753561 0.722599 0.023199 0.025989
1 0.836793 0.720056 0.028490 0.023164
1 0.016077 0.824576 0.028897 0.034463
1 0.067562 0.819774 0.047212 0.036158
1 0.135328 0.820056 0.062271 0.040113
1 0.205942 0.819209 0.036630 0.039548
1 0.260277 0.817514 0.046805 0.039548
1 0.322344 0.815537 0.047212 0.038983
1 0.376068 0.811582 0.030932 0.029944
1 0.432438 0.814407 0.059015 0.034463
1 0.519333 0.812712 0.081400 0.040113
1 0.595238 0.816667 0.051689 0.032203
1 0.677045 0.816667 0.076923 0.035593
1 0.756207 0.810169 0.050468 0.031638
1 0.824176 0.815254 0.056166 0.038418
1 0.886243 0.814124 0.045177 0.036158
1 0.932845 0.808475 0.029304 0.023729
1 0.968661 0.807345 0.035816 0.029379
1 0.011193 0.883333 0.022385 0.033333
1 0.063492 0.887571 0.051282 0.028249
1 0.157713 0.888701 0.103785 0.039548
1 0.246032 0.882768 0.037037 0.044633
1 0.309524 0.884463 0.041921 0.032203
1 0.370574 0.881356 0.053317 0.042938
1 0.438339 0.880791 0.053724 0.030508
1 0.502239 0.882203 0.041514 0.026554
1 0.558812 0.880791 0.048840 0.030508
1 0.606838 0.881073 0.029304 0.027684
1 0.647741 0.880226 0.028083 0.030508
1 0.690476 0.886441 0.041107 0.031638
1 0.747253 0.881073 0.051282 0.028814
1 0.796093 0.885028 0.030118 0.024294
1 0.834147 0.879944 0.027269 0.028814
1 0.901709 0.871469 0.077737 0.036723
1 0.964794 0.875989 0.029711 0.033333
1 0.022996 0.964972 0.041107 0.028249
1 0.081604 0.966102 0.049247 0.027119
1 0.132886 0.966102 0.030525 0.029379
1 0.195564 0.962147 0.051689 0.031638
1 0.289174 0.962429 0.087505 0.029944
1 0.368335 0.962712 0.046398 0.031638
1 0.435083 0.957062 0.048840 0.032768
1 0.485755 0.955932 0.014245 0.030508
1 0.513024 0.958475 0.035409 0.026554
1 0.567155 0.955085 0.040293 0.034463
1 0.627798 0.959887 0.039479 0.031638
1 0.687017 0.961299 0.037444 0.034463
1 0.747049 0.963842 0.046805 0.032768
1 0.801994 0.967232 0.045177 0.028249
1 0.864876 0.965254 0.061864 0.033333
1 0.929589 0.963277 0.051282 0.032768