1 0.043549 0.053676 0.087098 0.054842
1 0.213268 0.045216 0.071632 0.034422
1 0.302198 0.046091 0.068783 0.040840
1 0.423687 0.042299 0.052910 0.028588
1 0.481074 0.038506 0.024420 0.031505
1 0.530322 0.040548 0.048840 0.033256
1 0.610297 0.045216 0.079365 0.042590
1 0.735653 0.047258 0.137159 0.039673
1 0.890924 0.045508 0.039072 0.035006
1 0.138584 0.045508 0.060643 0.032672
1 0.369556 0.048133 0.030118 0.025088
1 0.834351 0.055718 0.039072 0.043757
1 0.960317 0.047841 0.071225 0.037340
1 0.020961 0.114644 0.039479 0.034422
1 0.073464 0.116978 0.024013 0.030922
1 0.115995 0.115519 0.039886 0.035006
1 0.170940 0.123396 0.044770 0.042590
1 0.225071 0.123104 0.042328 0.035006
1 0.274929 0.118436 0.030525 0.031505
1 0.327025 0.115519 0.041107 0.035006
1 0.378307 0.117853 0.037851 0.040840
1 0.383394 0.095683 0.014652 0.008168
1 0.442002 0.121645 0.065934 0.036756
1 0.513431 0.114352 0.045177 0.030338
1 0.566748 0.114644 0.041107 0.040257
1 0.651608 0.111727 0.096052 0.046091
1 0.719373 0.115811 0.028083 0.033256
1 0.777574 0.108810 0.059829 0.033256
1 0.851445 0.117561 0.066748 0.032089
1 0.910053 0.113186 0.030932 0.024504
1 0.954212 0.121645 0.037037 0.039090
1 0.103785 0.196324 0.081400 0.043757
1 0.297110 0.194866 0.049654 0.042007
1 0.362027 0.193991 0.051689 0.041424
1 0.428164 0.186406 0.059422 0.037923
1 0.487993 0.183781 0.035002 0.035006
1 0.530932 0.179697 0.028897 0.033839
1 0.585063 0.180863 0.058201 0.033839
1 0.637159 0.189032 0.027269 0.036173
1 0.671551 0.179697 0.028490 0.028005
1 0.716728 0.181739 0.047212 0.044924
1 0.762515 0.180280 0.028083 0.028005
1 0.803622 0.182030 0.048433 0.043174
1 0.881563 0.179697 0.083842 0.036173
1 0.959503 0.186989 0.045991 0.041424
1 0.027676 0.193407 0.048026 0.033256
1 0.186406 0.202450 0.065934 0.028005
1 0.246846 0.199825 0.031339 0.026254
1 0.515873 0.253209 0.054131 0.043174
1 0.716728 0.243582 0.074888 0.034422
1 0.792633 0.247958 0.049247 0.042007
1 0.850834 0.247083 0.049247 0.028588
1 0.967643 0.249125 0.064713 0.039673
1 0.017094 0.277130 0.031746 0.043174
1 0.091168 0.277713 0.095238 0.046674
1 0.179894 0.272462 0.065934 0.042007
1 0.238706 0.272170 0.029711 0.025088
1 0.288156 0.268378 0.048026 0.028005
1 0.346764 0.262544 0.044770 0.033839
1 0.390313 0.259627 0.026048 0.025671
1 0.441595 0.254084 0.058608 0.034422
1 0.585877 0.256126 0.060643 0.035006
1 0.648555 0.259627 0.043549 0.033839
1 0.657306 0.238331 0.013838 0.006418
1 0.906186 0.248541 0.044363 0.028005
1 0.466015 0.328763 0.051282 0.036756
1 0.513228 0.332264 0.030118 0.027421
1 0.573260 0.332555 0.069597 0.042007
1 0.666463 0.329638 0.096459 0.037340
1 0.776353 0.324096 0.093203 0.034422
1 0.844933 0.327013 0.034188 0.026254
1 0.899471 0.317678 0.059422 0.036756
1 0.961945 0.326721 0.044363 0.042007
1 0.019740 0.353267 0.028897 0.036756
1 0.068376 0.348308 0.054538 0.038506
1 0.125967 0.351225 0.045177 0.035006
1 0.131665 0.328180 0.015059 0.008751
1 0.199227 0.345974 0.079365 0.035006
1 0.276557 0.342474 0.049247 0.035006
1 0.341677 0.340432 0.049247 0.027421
1 0.399064 0.340432 0.046805 0.027421
1 0.329263 0.422987 0.055352 0.044341
1 0.394383 0.420945 0.058608 0.041424
1 0.484127 0.411027 0.103785 0.033256
1 0.563289 0.411610 0.028490 0.029755
1 0.607448 0.415403 0.046805 0.037340
1 0.668498 0.400817 0.051689 0.035006
1 0.763533 0.414527 0.113146 0.042590
1 0.841677 0.409860 0.029304 0.026254
1 0.899064 0.400525 0.070004 0.035589
1 0.968254 0.403734 0.058608 0.036173
1 0.016280 0.427071 0.030932 0.033839
1 0.054945 0.426196 0.030932 0.032089
1 0.092593 0.429113 0.029711 0.027421
1 0.144892 0.428238 0.065120 0.029172
1 0.223036 0.426196 0.070004 0.034422
1 0.280627 0.429113 0.030525 0.040257
1 0.016687 0.501167 0.031746 0.029172
1 0.059626 0.497666 0.030525 0.033839
1 0.148759 0.515461 0.124135 0.047258
1 0.394587 0.509043 0.036223 0.034422
1 0.449735 0.502917 0.052910 0.036173
1 0.510989 0.506709 0.043549 0.035589
1 0.574074 0.504959 0.071225 0.047258
1 0.644078 0.497958 0.044363 0.034422
1 0.688034 0.499417 0.027269 0.036173
1 0.732194 0.488623 0.047212 0.032089
1 0.777981 0.492415 0.026455 0.029172
1 0.812169 0.502917 0.028083 0.040840
1 0.861213 0.491540 0.054538 0.035589
1 0.939357 0.486873 0.096052 0.039090
1 0.240944 0.512544 0.039072 0.027421
1 0.320106 0.518670 0.093203 0.045508
1 0.601750 0.569428 0.096459 0.037340
1 0.758038 0.567386 0.118437 0.041424
1 0.904151 0.567095 0.080993 0.036173
1 0.022589 0.593349 0.044363 0.032672
1 0.071225 0.591307 0.033374 0.026254
1 0.111925 0.589265 0.029304 0.032672
1 0.185592 0.588390 0.087098 0.033256
1 0.258649 0.588390 0.032153 0.027421
1 0.323769 0.584597 0.069597 0.029172
1 0.389906 0.587806 0.039072 0.040257
1 0.440781 0.577013 0.041514 0.035006
1 0.487993 0.571470 0.030118 0.034422
1 0.530322 0.574387 0.029304 0.025088
1 0.677249 0.570303 0.029304 0.027421
1 0.841066 0.568845 0.029711 0.029172
1 0.971917 0.569720 0.031746 0.027421
1 0.547416 0.652275 0.029304 0.036173
1 0.614571 0.660443 0.074074 0.045508
1 0.731380 0.651692 0.065120 0.030338
1 0.794058 0.651692 0.037444 0.033839
1 0.847578 0.658401 0.041921 0.036756
1 0.910256 0.657818 0.074481 0.037923
1 0.966626 0.656651 0.028490 0.033256
1 0.030729 0.682614 0.061457 0.049008
1 0.112129 0.682030 0.085063 0.049008
1 0.214286 0.673571 0.083435 0.034422
1 0.283272 0.672987 0.030932 0.026254
1 0.340456 0.668320 0.066341 0.030922
1 0.407407 0.665694 0.038258 0.030338
1 0.444851 0.666278 0.019536 0.024504
1 0.492674 0.659277 0.054945 0.035006
1 0.677452 0.656651 0.028897 0.026254
1 0.685185 0.742999 0.060643 0.032089
1 0.765161 0.745624 0.068376 0.035006
1 0.854904 0.745041 0.090761 0.037340
1 0.926129 0.738331 0.030525 0.028588
1 0.963573 0.740082 0.032967 0.026254
1 0.034392 0.767503 0.063899 0.044924
1 0.113146 0.761377 0.074888 0.042007
1 0.184168 0.771879 0.037037 0.039673
1 0.264957 0.761669 0.100122 0.044924
1 0.342898 0.758168 0.029711 0.027421
1 0.394790 0.763419 0.052910 0.043757
1 0.457265 0.756709 0.054945 0.035006
1 0.513635 0.760210 0.035002 0.040840
1 0.570818 0.750000 0.062271 0.033256
1 0.631461 0.753209 0.027269 0.032672
1 0.383801 0.834014 0.061864 0.039090
1 0.474359 0.840723 0.087505 0.053676
1 0.540700 0.830222 0.029711 0.028005
1 0.583639 0.837223 0.037444 0.046674
1 0.640822 0.824096 0.060643 0.033256
1 0.695564 0.829055 0.028490 0.039673
1 0.748474 0.821179 0.064306 0.036756
1 0.817867 0.815928 0.050061 0.033256
1 0.911274 0.825554 0.123728 0.044341
1 0.015059 0.843349 0.025234 0.033256
1 0.103785 0.847433 0.130240 0.043757
1 0.211030 0.838390 0.046805 0.031505
1 0.269027 0.843057 0.043956 0.046674
1 0.319292 0.843057 0.038665 0.039673
1 0.013635 0.948366 0.027269 0.046091
1 0.056777 0.941949 0.049247 0.047258
1 0.117827 0.946033 0.061457 0.041424
1 0.190069 0.945741 0.054538 0.040840
1 0.246642 0.939907 0.029304 0.026838
1 0.292226 0.944866 0.046398 0.039090
1 0.359381 0.938448 0.069190 0.046091
1 0.431420 0.939032 0.048840 0.035589
1 0.488807 0.936114 0.048026 0.035589
1 0.538665 0.944282 0.041107 0.036756
1 0.611925 0.938740 0.094017 0.042007
1 0.684168 0.934072 0.028490 0.031505
1 0.773911 0.939032 0.125763 0.049592
1 0.875865 0.939907 0.069190 0.030338
1 0.948921 0.938156 0.070411 0.040840