1 0.048496 0.078125 0.075614 0.059436
1 0.126089 0.079044 0.039984 0.039216
1 0.195764 0.079657 0.062154 0.040441
1 0.291172 0.077206 0.060570 0.045343
1 0.376683 0.061887 0.019398 0.007353
1 0.479216 0.079963 0.062154 0.043505
1 0.820863 0.077819 0.083531 0.042892
1 0.381829 0.082721 0.074030 0.041667
1 0.560174 0.085784 0.060966 0.041667
1 0.633808 0.086703 0.049089 0.037377
1 0.718725 0.082721 0.083531 0.040441
1 0.915677 0.084252 0.077593 0.041054
1 0.023159 0.164216 0.036025 0.052696
1 0.088876 0.167586 0.085115 0.042279
1 0.183888 0.169118 0.048694 0.047794
1 0.264846 0.153186 0.015044 0.007353
1 0.334521 0.171262 0.072842 0.052083
1 0.420230 0.160846 0.054236 0.044730
1 0.496635 0.172488 0.056611 0.053309
1 0.578781 0.165748 0.061758 0.037377
1 0.639549 0.161765 0.033650 0.036765
1 0.684283 0.162990 0.043151 0.034314
1 0.742082 0.163909 0.040776 0.038603
1 0.789984 0.167586 0.041568 0.039828
1 0.844220 0.166973 0.059778 0.037377
1 0.912906 0.172794 0.049881 0.045343
1 0.251979 0.173713 0.057403 0.034926
1 0.038401 0.260110 0.072842 0.042279
1 0.198733 0.260110 0.043547 0.037377
1 0.267617 0.260110 0.059382 0.038603
1 0.331750 0.257047 0.052257 0.037377
1 0.392320 0.248162 0.049881 0.036765
1 0.479018 0.251838 0.083927 0.036765
1 0.566706 0.250613 0.057403 0.042892
1 0.640143 0.245098 0.054632 0.044118
1 0.716746 0.250000 0.064529 0.041667
1 0.799881 0.254289 0.065321 0.050245
1 0.879454 0.249694 0.070071 0.041054
1 0.954276 0.250613 0.061362 0.042892
1 0.129454 0.264093 0.078385 0.037990
1 0.580562 0.326593 0.047110 0.041667
1 0.691409 0.328431 0.054236 0.050245
1 0.884798 0.322304 0.024545 0.033088
1 0.037807 0.347733 0.066112 0.053309
1 0.108472 0.339767 0.048298 0.041054
1 0.178543 0.340074 0.057007 0.041667
1 0.258511 0.333640 0.061758 0.044730
1 0.313539 0.337929 0.031671 0.028799
1 0.366587 0.335478 0.053840 0.034926
1 0.413895 0.333946 0.030483 0.030637
1 0.492874 0.330882 0.110055 0.036765
1 0.634402 0.328431 0.044735 0.035539
1 0.748416 0.332108 0.045527 0.039216
1 0.793151 0.332108 0.032067 0.035539
1 0.838084 0.325368 0.051465 0.036765
1 0.927158 0.331801 0.047506 0.045956
1 0.070863 0.407475 0.015835 0.035539
1 0.099367 0.410539 0.034838 0.028186
1 0.186857 0.411152 0.042755 0.036765
1 0.255344 0.402574 0.045131 0.035539
1 0.308591 0.403186 0.041568 0.037990
1 0.350356 0.404718 0.030879 0.031250
1 0.397070 0.397365 0.030087 0.033701
1 0.463579 0.402267 0.087094 0.047181
1 0.570665 0.398591 0.111243 0.048407
1 0.655582 0.389400 0.038797 0.038603
1 0.716152 0.405025 0.041172 0.047794
1 0.779691 0.408088 0.066904 0.046569
1 0.849565 0.407169 0.038005 0.044730
1 0.903009 0.398591 0.050673 0.036152
1 0.945170 0.397978 0.028108 0.037377
1 0.027118 0.421875 0.041568 0.034926
1 0.138955 0.413603 0.027712 0.030637
1 0.656176 0.474877 0.075614 0.040441
1 0.929533 0.483456 0.096595 0.050245
1 0.024149 0.502451 0.041172 0.034314
1 0.069873 0.505821 0.028108 0.032475
1 0.126485 0.500613 0.062945 0.037990
1 0.203880 0.502757 0.057007 0.044730
1 0.277514 0.496630 0.061758 0.043505
1 0.350950 0.484069 0.047110 0.039216
1 0.418844 0.483456 0.064925 0.041667
1 0.501584 0.481005 0.067300 0.036765
1 0.574426 0.482843 0.064925 0.040441
1 0.743270 0.487745 0.059778 0.055147
1 0.826801 0.483150 0.074030 0.042279
1 0.243666 0.568934 0.047902 0.047181
1 0.309184 0.561887 0.049089 0.040441
1 0.362431 0.571078 0.038401 0.049020
1 0.413895 0.554841 0.040776 0.038603
1 0.483571 0.556066 0.083531 0.042279
1 0.576010 0.558824 0.073634 0.051471
1 0.662510 0.554534 0.062154 0.040441
1 0.735748 0.556066 0.055028 0.036152
1 0.813341 0.553922 0.066112 0.036765
1 0.884402 0.557598 0.046714 0.044118
1 0.952692 0.554841 0.078781 0.043505
1 0.036619 0.578125 0.065321 0.039828
1 0.118963 0.578125 0.057403 0.044730
1 0.185273 0.573223 0.044339 0.043505
1 0.503167 0.628370 0.062549 0.038603
1 0.588678 0.627451 0.077593 0.046569
1 0.671021 0.629289 0.059382 0.044118
1 0.754157 0.629902 0.079968 0.047794
1 0.843626 0.631434 0.072051 0.050858
1 0.908749 0.629289 0.044735 0.039216
1 0.963183 0.626532 0.048298 0.032475
1 0.044537 0.652267 0.088282 0.042279
1 0.143112 0.656250 0.081948 0.050245
1 0.232383 0.642157 0.056215 0.040441
1 0.299485 0.636336 0.051861 0.036152
1 0.367379 0.642463 0.064925 0.043505
1 0.441211 0.633272 0.047110 0.036152
1 0.248416 0.723652 0.085115 0.046569
1 0.344220 0.718750 0.081948 0.041667
1 0.437648 0.714461 0.075614 0.045343
1 0.521774 0.716605 0.059382 0.043505
1 0.588084 0.714767 0.038401 0.038603
1 0.649248 0.716605 0.062549 0.043505
1 0.717142 0.713542 0.052652 0.043505
1 0.781077 0.714767 0.056215 0.037377
1 0.837688 0.711703 0.041964 0.034926
1 0.891330 0.711397 0.053444 0.039216
1 0.956651 0.703738 0.057403 0.038603
1 0.035827 0.724877 0.066112 0.037990
1 0.108076 0.732537 0.054632 0.044730
1 0.174584 0.731311 0.035629 0.048407
1 0.041568 0.803002 0.073634 0.045956
1 0.141132 0.798100 0.081156 0.038603
1 0.233175 0.800551 0.074426 0.045956
1 0.328583 0.790748 0.091053 0.041054
1 0.415677 0.786458 0.039588 0.038603
1 0.487332 0.786765 0.068092 0.037990
1 0.562945 0.787990 0.056215 0.040441
1 0.635590 0.794730 0.066904 0.037990
1 0.711006 0.796262 0.049881 0.039828
1 0.800475 0.803309 0.098179 0.053922
1 0.884402 0.790441 0.047506 0.039216
1 0.948733 0.791054 0.061362 0.044118
1 0.035827 0.882047 0.063737 0.050858
1 0.228226 0.873468 0.061362 0.042279
1 0.302652 0.876838 0.041568 0.045343
1 0.319279 0.852635 0.014648 0.006740
1 0.373317 0.869179 0.067300 0.048407
1 0.450317 0.860600 0.065321 0.044730
1 0.528899 0.862439 0.079968 0.037377
1 0.617775 0.862439 0.068488 0.042279
1 0.680325 0.858762 0.039984 0.036152
1 0.719715 0.861826 0.029295 0.034926
1 0.796318 0.875919 0.081156 0.059436
1 0.888361 0.867647 0.073634 0.046569
1 0.955265 0.873162 0.043547 0.040441
1 0.113025 0.886949 0.043151 0.044730
1 0.165875 0.881434 0.048298 0.036152
1 0.587292 0.934130 0.076405 0.042279
1 0.666469 0.933517 0.053444 0.037377
1 0.735946 0.938419 0.071259 0.043505
1 0.039588 0.963235 0.074426 0.041667
1 0.122922 0.968444 0.055819 0.053309
1 0.187253 0.963235 0.047506 0.034314
1 0.260689 0.953738 0.070863 0.042279
1 0.343032 0.945772 0.054236 0.039828
1 0.413302 0.941176 0.057007 0.036765
1 0.494656 0.944240 0.081156 0.042892
1 0.825614 0.941176 0.074822 0.039216
1 0.904988 0.942708 0.072842 0.044730
1 0.966548 0.949142 0.032067 0.034314
1 0.717736 0.996017 0.023753 0.007966