1 0.127676 0.003439 0.016653 0.006878
1 0.250991 0.040212 0.051546 0.031746
1 0.295400 0.039153 0.028549 0.031746
1 0.368755 0.036243 0.096749 0.034392
1 0.463125 0.026984 0.073751 0.033862
1 0.557494 0.027778 0.084060 0.043915
1 0.649088 0.024603 0.052339 0.034392
1 0.716891 0.025132 0.071372 0.042857
1 0.799762 0.026190 0.061856 0.035450
1 0.873117 0.025926 0.065821 0.028571
1 0.947264 0.028307 0.061856 0.033333
1 0.024782 0.044180 0.044806 0.030159
1 0.091990 0.054233 0.063442 0.042857
1 0.172284 0.048413 0.076527 0.032275
1 0.575139 0.093386 0.062252 0.030159
1 0.637589 0.096825 0.053925 0.041270
1 0.710745 0.088624 0.063838 0.033333
1 0.736915 0.069312 0.015464 0.006349
1 0.779342 0.092857 0.041634 0.043915
1 0.842387 0.089683 0.074148 0.026984
1 0.909001 0.081746 0.040048 0.032275
1 0.961142 0.085714 0.047581 0.037037
1 0.036082 0.105291 0.062649 0.035979
1 0.112014 0.112169 0.067010 0.038095
1 0.181800 0.111640 0.052736 0.031746
1 0.249405 0.110582 0.061063 0.040212
1 0.331681 0.106349 0.094766 0.037037
1 0.435170 0.098148 0.047978 0.035450
1 0.501784 0.098677 0.055908 0.038624
1 0.026170 0.171958 0.045995 0.031746
1 0.034695 0.159259 0.014671 0.007407
1 0.109833 0.175132 0.102300 0.034921
1 0.330690 0.172751 0.053925 0.035450
1 0.392942 0.169841 0.059477 0.031746
1 0.461142 0.160582 0.054718 0.026984
1 0.540642 0.156878 0.072561 0.031217
1 0.633426 0.150265 0.075734 0.030688
1 0.737510 0.155820 0.110230 0.036508
1 0.843973 0.155556 0.082078 0.038095
1 0.919112 0.154233 0.050753 0.030159
1 0.200238 0.176720 0.047581 0.030688
1 0.259913 0.176190 0.059080 0.028571
1 0.574148 0.219841 0.049167 0.028042
1 0.662173 0.217725 0.091990 0.034392
1 0.758921 0.224603 0.067407 0.040741
1 0.838818 0.218519 0.069389 0.031746
1 0.910587 0.221958 0.046392 0.026984
1 0.039651 0.249471 0.077716 0.050265
1 0.125694 0.241534 0.071372 0.032275
1 0.203410 0.239683 0.060270 0.035979
1 0.273791 0.241005 0.067010 0.035450
1 0.327121 0.231217 0.034893 0.026455
1 0.384615 0.232540 0.064235 0.036508
1 0.481562 0.232804 0.109833 0.032804
1 0.862014 0.263228 0.021412 0.008995
1 0.165543 0.305026 0.070182 0.035450
1 0.252379 0.304762 0.065424 0.044444
1 0.352696 0.300529 0.080492 0.031746
1 0.446075 0.297354 0.065028 0.042328
1 0.530531 0.293386 0.066614 0.031217
1 0.623711 0.287037 0.083267 0.029101
1 0.715504 0.289683 0.072561 0.032275
1 0.788462 0.287037 0.032910 0.029101
1 0.786281 0.267725 0.014274 0.006349
1 0.849722 0.287831 0.068993 0.038095
1 0.937153 0.291534 0.086043 0.042328
1 0.054520 0.309259 0.100317 0.035450
1 0.367764 0.357407 0.066217 0.031217
1 0.446273 0.360847 0.078113 0.043386
1 0.523394 0.352381 0.035686 0.034921
1 0.590008 0.351852 0.049167 0.027513
1 0.679025 0.349471 0.106661 0.042857
1 0.766852 0.343651 0.041237 0.034392
1 0.842387 0.344180 0.088422 0.036508
1 0.929025 0.344180 0.040444 0.035450
1 0.039651 0.376984 0.049960 0.035450
1 0.100119 0.371958 0.042427 0.038095
1 0.182990 0.371429 0.090008 0.034921
1 0.280531 0.364815 0.074941 0.036508
1 0.426051 0.418254 0.055115 0.043915
1 0.490682 0.413228 0.054322 0.038095
1 0.552339 0.412434 0.041237 0.033333
1 0.674266 0.410317 0.032910 0.029101
1 0.705789 0.400529 0.023791 0.030688
1 0.741079 0.409524 0.040444 0.037037
1 0.785289 0.398942 0.033703 0.029630
1 0.828509 0.407143 0.032910 0.037566
1 0.870738 0.400000 0.042823 0.029630
1 0.925456 0.396825 0.047581 0.031746
1 0.973830 0.401587 0.034893 0.038095
1 0.049366 0.443651 0.097145 0.044974
1 0.138977 0.429630 0.045599 0.031746
1 0.136400 0.415079 0.013481 0.005820
1 0.209952 0.425926 0.076527 0.042328
1 0.283703 0.429894 0.048771 0.036508
1 0.269429 0.407937 0.013878 0.009524
1 0.354877 0.418254 0.068993 0.035450
1 0.613006 0.417725 0.067407 0.039683
1 0.346749 0.452646 0.015464 0.007937
1 0.514473 0.461376 0.046392 0.029630
1 0.566019 0.457937 0.016257 0.030159
1 0.648295 0.461376 0.036479 0.030688
1 0.692506 0.464021 0.027359 0.031746
1 0.819191 0.458730 0.045995 0.025397
1 0.884417 0.445767 0.050357 0.032275
1 0.941316 0.453968 0.049167 0.027513
1 0.118557 0.489683 0.050753 0.035450
1 0.179223 0.482804 0.054718 0.031217
1 0.237708 0.483333 0.053529 0.037566
1 0.294409 0.474074 0.014671 0.027513
1 0.338620 0.472751 0.045202 0.026984
1 0.397502 0.471164 0.042427 0.025926
1 0.462728 0.465079 0.035686 0.029630
1 0.601110 0.462169 0.034893 0.024868
1 0.752974 0.467460 0.062649 0.032275
1 0.042427 0.500794 0.073751 0.042857
1 0.817803 0.514021 0.056701 0.028042
1 0.890960 0.512698 0.049960 0.024339
1 0.958168 0.514815 0.060666 0.029630
1 0.419508 0.539683 0.056305 0.032804
1 0.495044 0.530688 0.051943 0.039153
1 0.560270 0.528836 0.047581 0.033333
1 0.623513 0.523545 0.045599 0.032275
1 0.682990 0.524074 0.043220 0.037566
1 0.744052 0.519841 0.055115 0.032275
1 0.026963 0.562169 0.053925 0.032275
1 0.075337 0.558995 0.025377 0.026984
1 0.114195 0.554497 0.032514 0.031746
1 0.176447 0.559788 0.058684 0.030688
1 0.234933 0.553439 0.028152 0.032804
1 0.277557 0.553968 0.032514 0.029630
1 0.343378 0.553704 0.061063 0.035450
1 0.488699 0.596032 0.038462 0.029101
1 0.547185 0.592063 0.057098 0.037037
1 0.637589 0.594180 0.091990 0.049735
1 0.720460 0.582011 0.039651 0.029630
1 0.761102 0.579101 0.021015 0.032275
1 0.801150 0.572222 0.037669 0.033333
1 0.852696 0.573810 0.055115 0.023810
1 0.929223 0.576190 0.052736 0.029630
1 0.044013 0.625926 0.078509 0.037037
1 0.048969 0.608466 0.013878 0.006349
1 0.131047 0.618254 0.050357 0.034392
1 0.222641 0.622751 0.082871 0.042328
1 0.312649 0.612963 0.073354 0.039683
1 0.403251 0.608201 0.078509 0.029101
1 0.863799 0.651323 0.046392 0.033862
1 0.581681 0.666667 0.039651 0.033862
1 0.636994 0.662169 0.038462 0.034392
1 0.683783 0.661111 0.033703 0.025926
1 0.742665 0.666402 0.057098 0.043915
1 0.821372 0.654497 0.029738 0.024339
1 0.920301 0.650529 0.057891 0.028042
1 0.977795 0.652646 0.044409 0.029101
1 0.030333 0.702910 0.057494 0.035450
1 0.100515 0.698413 0.044806 0.031746
1 0.153648 0.701587 0.055908 0.030688
1 0.233347 0.700529 0.070975 0.032804
1 0.317209 0.698677 0.050753 0.041799
1 0.415940 0.692328 0.102300 0.038624
1 0.431205 0.669048 0.013878 0.005820
1 0.514671 0.684127 0.061063 0.040212
1 0.719667 0.725661 0.098335 0.033333
1 0.808089 0.722487 0.038065 0.028042
1 0.863402 0.720370 0.059080 0.034392
1 0.924068 0.714815 0.050357 0.034921
1 0.971253 0.724074 0.030531 0.037566
1 0.149088 0.755556 0.024584 0.034921
1 0.179818 0.752381 0.013878 0.029630
1 0.422680 0.747090 0.049960 0.034921
1 0.487906 0.748148 0.040048 0.033862
1 0.559873 0.738360 0.068993 0.037566
1 0.636598 0.733862 0.051150 0.028571
1 0.026170 0.771429 0.049960 0.048677
1 0.094568 0.759524 0.063838 0.029101
1 0.220262 0.762434 0.051943 0.023280
1 0.285091 0.760582 0.041237 0.033333
1 0.352102 0.764021 0.061856 0.037037
1 0.428033 0.808995 0.074941 0.039153
1 0.531126 0.806614 0.086836 0.047090
1 0.613997 0.803175 0.038462 0.026455
1 0.680016 0.800794 0.070579 0.034392
1 0.766059 0.799471 0.076923 0.035979
1 0.834457 0.792063 0.051150 0.032804
1 0.898097 0.798677 0.071372 0.044974
1 0.959754 0.792328 0.040841 0.028042
1 0.019627 0.837302 0.033703 0.039683
1 0.081879 0.832011 0.075734 0.037566
1 0.069191 0.812698 0.014671 0.007407
1 0.156423 0.828571 0.030531 0.028571
1 0.218676 0.823280 0.052736 0.033862
1 0.287669 0.826720 0.053529 0.025926
1 0.353688 0.820106 0.048374 0.029630
1 0.543616 0.869577 0.071372 0.050265
1 0.766653 0.865608 0.057494 0.039153
1 0.962926 0.862434 0.074148 0.039153
1 0.204005 0.892328 0.057494 0.048148
1 0.264076 0.887831 0.038065 0.030688
1 0.337827 0.884392 0.058684 0.034392
1 0.404044 0.870370 0.031721 0.030688
1 0.466297 0.874339 0.077716 0.034392
1 0.619350 0.866667 0.045202 0.030688
1 0.662173 0.868783 0.029342 0.027513
1 0.704005 0.876984 0.044013 0.035450
1 0.814036 0.876984 0.036479 0.039683
1 0.829104 0.851852 0.019826 0.009524
1 0.881840 0.868254 0.056305 0.035979
1 0.045400 0.904497 0.085250 0.044974
1 0.127875 0.894444 0.054322 0.037566
1 0.563442 0.947090 0.074544 0.043386
1 0.651269 0.938889 0.047978 0.035450
1 0.797581 0.928042 0.015464 0.009524
1 0.020619 0.960053 0.041237 0.028042
1 0.166931 0.954762 0.046788 0.033333
1 0.206582 0.964815 0.033307 0.037566
1 0.263878 0.964021 0.035289 0.031746
1 0.328707 0.954762 0.055511 0.039683
1 0.382038 0.955291 0.035289 0.024868
1 0.444092 0.947090 0.054718 0.035979
1 0.504758 0.949735 0.032514 0.025397
1 0.702220 0.950265 0.034100 0.033862
1 0.791435 0.950529 0.103886 0.042857
1 0.893933 0.948413 0.060666 0.041799
1 0.956384 0.950529 0.030135 0.039683
1 0.088818 0.970370 0.075337 0.032804