1 0.389945 0.022910 0.014252 0.007430
1 0.457245 0.054180 0.044339 0.055108
1 0.520784 0.054799 0.040776 0.048916
1 0.927751 0.053560 0.057403 0.051393
1 0.029097 0.070898 0.040776 0.032817
1 0.093428 0.069350 0.061758 0.052012
1 0.163302 0.065635 0.061362 0.037152
1 0.230404 0.059752 0.038797 0.040248
1 0.289192 0.063467 0.058987 0.039009
1 0.358076 0.061610 0.048694 0.029102
1 0.406770 0.058824 0.020190 0.026006
1 0.589865 0.056656 0.056215 0.041486
1 0.663895 0.047988 0.054632 0.034056
1 0.739113 0.053870 0.059382 0.037152
1 0.814331 0.061610 0.068092 0.048916
1 0.874901 0.049536 0.034046 0.035913
1 0.027712 0.141796 0.039588 0.039628
1 0.019002 0.114861 0.019794 0.010526
1 0.077197 0.138080 0.037213 0.029721
1 0.134204 0.129412 0.041172 0.038390
1 0.202692 0.126625 0.049881 0.045201
1 0.257918 0.123529 0.026524 0.034056
1 0.310174 0.118576 0.055028 0.035294
1 0.384600 0.126625 0.064529 0.043963
1 0.466548 0.124768 0.049485 0.045201
1 0.449921 0.096904 0.013856 0.006811
1 0.517617 0.131579 0.033650 0.047678
1 0.568488 0.121981 0.040380 0.030960
1 0.631037 0.126625 0.047506 0.041486
1 0.681710 0.134985 0.030879 0.043344
1 0.727435 0.125697 0.036025 0.033437
1 0.778306 0.126006 0.042755 0.035294
1 0.836698 0.132508 0.037609 0.040867
1 0.907561 0.123220 0.058987 0.042105
1 0.281473 0.183591 0.014252 0.008050
1 0.407561 0.199381 0.023357 0.037152
1 0.452692 0.198452 0.036025 0.031579
1 0.512866 0.198762 0.061362 0.047059
1 0.615004 0.197214 0.090657 0.040248
1 0.696556 0.202167 0.039192 0.041486
1 0.787213 0.207430 0.033650 0.052012
1 0.907759 0.200929 0.027712 0.036533
1 0.967340 0.203715 0.065321 0.050774
1 0.040776 0.228173 0.056215 0.050155
1 0.101148 0.221362 0.043151 0.051393
1 0.169834 0.210526 0.040380 0.042105
1 0.220507 0.208978 0.046714 0.045201
1 0.276920 0.212074 0.047110 0.045201
1 0.350158 0.210217 0.069279 0.048916
1 0.743864 0.212074 0.031671 0.042724
1 0.850356 0.209288 0.072051 0.047059
1 0.210214 0.282353 0.072051 0.043344
1 0.196358 0.268421 0.014252 0.006811
1 0.287015 0.285449 0.051465 0.047059
1 0.359660 0.288854 0.069279 0.053870
1 0.436461 0.280495 0.040776 0.038390
1 0.507918 0.281424 0.065717 0.042724
1 0.510095 0.253251 0.014648 0.008669
1 0.581552 0.274303 0.044339 0.038390
1 0.652217 0.270588 0.054236 0.044582
1 0.720705 0.274303 0.043943 0.039628
1 0.783056 0.275542 0.059382 0.052012
1 0.853523 0.273375 0.051465 0.040248
1 0.836896 0.255108 0.015044 0.007430
1 0.918646 0.280805 0.042359 0.052632
1 0.974663 0.277399 0.040380 0.043344
1 0.022367 0.309288 0.037609 0.036533
1 0.070467 0.301858 0.039588 0.040248
1 0.129850 0.308050 0.065717 0.055108
1 0.583729 0.358204 0.047110 0.040248
1 0.657561 0.359443 0.068092 0.056347
1 0.749010 0.359133 0.066508 0.048297
1 0.872526 0.368111 0.129058 0.060062
1 0.075614 0.391331 0.033254 0.064396
1 0.131433 0.389164 0.057007 0.042724
1 0.131433 0.362229 0.014252 0.008669
1 0.189232 0.373375 0.037213 0.040867
1 0.237332 0.375232 0.040776 0.043344
1 0.295922 0.385759 0.033650 0.040867
1 0.294735 0.358204 0.013856 0.008050
1 0.348773 0.374303 0.034838 0.037771
1 0.419636 0.369350 0.061758 0.036533
1 0.486144 0.361920 0.041172 0.036533
1 0.532858 0.368731 0.033254 0.047678
1 0.908749 0.344582 0.014648 0.006811
1 0.024545 0.400929 0.032462 0.051393
1 0.263856 0.389783 0.014648 0.015480
1 0.321853 0.384211 0.013460 0.015480
1 0.372526 0.386068 0.014252 0.016718
1 0.369359 0.434056 0.015044 0.008669
1 0.454276 0.446440 0.038401 0.047059
1 0.489311 0.421362 0.019002 0.008050
1 0.494656 0.441796 0.017815 0.030341
1 0.527316 0.443653 0.022169 0.036533
1 0.630245 0.446749 0.063341 0.047678
1 0.718329 0.446749 0.070071 0.048916
1 0.777910 0.449845 0.023753 0.035294
1 0.774347 0.421362 0.014252 0.006811
1 0.830958 0.450464 0.045131 0.055108
1 0.891330 0.438390 0.061362 0.039628
1 0.962787 0.444582 0.068092 0.048297
1 0.028899 0.482043 0.053048 0.041486
1 0.084323 0.478019 0.032462 0.043344
1 0.158155 0.474303 0.081948 0.043344
1 0.255542 0.472136 0.082740 0.050155
1 0.331354 0.453560 0.019794 0.035294
1 0.385590 0.457276 0.072842 0.041486
1 0.565519 0.450155 0.037609 0.030960
1 0.294933 0.541176 0.035629 0.040867
1 0.339272 0.539628 0.030879 0.036533
1 0.389945 0.526006 0.014252 0.006811
1 0.444378 0.539628 0.061362 0.047678
1 0.516231 0.533127 0.030879 0.055728
1 0.564727 0.526625 0.047902 0.034056
1 0.612827 0.535604 0.031671 0.045820
1 0.668646 0.524458 0.058591 0.049536
1 0.732581 0.534056 0.055028 0.053870
1 0.786025 0.520743 0.027316 0.037152
1 0.869557 0.530031 0.115202 0.055728
1 0.839865 0.502167 0.015439 0.008669
1 0.964173 0.530031 0.042359 0.030960
1 0.050079 0.563777 0.089865 0.053870
1 0.142320 0.551703 0.038401 0.040867
1 0.215558 0.552941 0.079572 0.039628
1 0.384600 0.549226 0.042359 0.039628
1 0.476643 0.544582 0.014252 0.006811
1 0.399050 0.610217 0.061758 0.046440
1 0.472486 0.605263 0.034442 0.043963
1 0.515835 0.588235 0.015044 0.007430
1 0.590063 0.595975 0.024149 0.042724
1 0.630641 0.608359 0.041172 0.045201
1 0.682502 0.596594 0.050673 0.042724
1 0.758314 0.603406 0.069279 0.042724
1 0.844418 0.603096 0.083927 0.056966
1 0.924584 0.600000 0.047110 0.038390
1 0.975257 0.602786 0.039984 0.032817
1 0.051861 0.637152 0.045922 0.048297
1 0.118567 0.636842 0.051069 0.053870
1 0.170823 0.628793 0.042359 0.036533
1 0.243468 0.634365 0.085511 0.043963
1 0.226841 0.605573 0.015044 0.007430
1 0.255344 0.608050 0.015044 0.007430
1 0.327791 0.622601 0.055424 0.055108
1 0.528108 0.613622 0.052257 0.040867
1 0.009897 0.638080 0.019794 0.032817
1 0.349565 0.698452 0.053840 0.039628
1 0.410135 0.698142 0.035629 0.036533
1 0.487134 0.700000 0.064529 0.051393
1 0.564925 0.691022 0.043547 0.038390
1 0.643705 0.698452 0.068092 0.058204
1 0.725653 0.681424 0.052257 0.041486
1 0.803642 0.688854 0.069675 0.050155
1 0.887767 0.698762 0.066112 0.050155
1 0.954473 0.698142 0.053048 0.048916
1 0.031275 0.728173 0.056215 0.047059
1 0.020784 0.699071 0.014648 0.007430
1 0.098773 0.721362 0.051069 0.043344
1 0.158947 0.726006 0.041568 0.048916
1 0.221298 0.714241 0.057007 0.036533
1 0.287411 0.707740 0.040380 0.044582
1 0.435471 0.711146 0.014252 0.015480
1 0.525534 0.710836 0.013064 0.011146
1 0.594814 0.700929 0.014648 0.013622
1 0.684679 0.690402 0.013856 0.016099
1 0.025732 0.786997 0.025337 0.039628
1 0.059976 0.792570 0.032067 0.047059
1 0.146873 0.799690 0.094220 0.058824
1 0.243864 0.792570 0.041964 0.045820
1 0.313935 0.782043 0.035629 0.043344
1 0.371734 0.789164 0.051465 0.047678
1 0.448733 0.787616 0.063737 0.047059
1 0.510095 0.773375 0.025732 0.038390
1 0.546318 0.773375 0.028504 0.039628
1 0.589865 0.782663 0.033254 0.044582
1 0.641726 0.771827 0.040380 0.040248
1 0.700515 0.769040 0.035234 0.039628
1 0.749208 0.774613 0.045527 0.034675
1 0.803840 0.775542 0.041568 0.041486
1 0.856295 0.772755 0.030087 0.039628
1 0.898258 0.789474 0.033254 0.053251
1 0.946358 0.774613 0.036025 0.038390
1 0.275930 0.803096 0.013460 0.014861
1 0.016825 0.853251 0.014648 0.008669
1 0.020388 0.875542 0.019398 0.032198
1 0.060570 0.874613 0.034838 0.041486
1 0.110055 0.872136 0.041964 0.043963
1 0.177553 0.867492 0.029691 0.034675
1 0.219319 0.869040 0.029295 0.029102
1 0.262866 0.860681 0.023753 0.030960
1 0.257918 0.840867 0.013856 0.007430
1 0.297704 0.863467 0.021378 0.030341
1 0.354315 0.867802 0.063341 0.032817
1 0.359660 0.843344 0.014648 0.007430
1 0.454473 0.866563 0.070467 0.050155
1 0.539192 0.860062 0.053840 0.047059
1 0.606492 0.866254 0.053048 0.048297
1 0.663104 0.857276 0.028504 0.037771
1 0.700119 0.865635 0.029691 0.029721
1 0.758709 0.871517 0.058195 0.053870
1 0.819675 0.860062 0.036025 0.038390
1 0.883017 0.870588 0.066904 0.056966
1 0.960412 0.871517 0.053840 0.047678
1 0.241093 0.947059 0.036421 0.039009
1 0.347585 0.939938 0.019794 0.038390
1 0.383215 0.940248 0.029295 0.029102
1 0.436461 0.936223 0.027316 0.040867
1 0.542162 0.944892 0.150040 0.054489
1 0.751584 0.946130 0.028108 0.038390
1 0.789984 0.943034 0.036025 0.039628
1 0.037609 0.962848 0.050673 0.047059
1 0.093032 0.951703 0.031671 0.035913
1 0.137173 0.965015 0.035234 0.048916
1 0.186659 0.953560 0.038401 0.038390
1 0.297110 0.952632 0.051069 0.043963
1 0.657363 0.946749 0.043151 0.033437
1 0.706255 0.954799 0.033254 0.034675
1 0.843824 0.952632 0.053444 0.042724
1 0.908353 0.963777 0.051861 0.050155
1 0.968329 0.971517 0.051465 0.056966
1 0.848773 0.993808 0.015044 0.008669
1 0.874901 0.992570 0.014252 0.011146