1 0.231789 0.043979 0.066904 0.045026
1 0.315519 0.036387 0.072051 0.045550
1 0.424188 0.032461 0.111243 0.052356
1 0.532264 0.036649 0.064529 0.039791
1 0.591251 0.029058 0.030483 0.027749
1 0.627078 0.028534 0.030879 0.027749
1 0.666073 0.029058 0.032858 0.027749
1 0.730206 0.032199 0.067696 0.045550
1 0.826801 0.029058 0.109660 0.043455
1 0.847189 0.003141 0.015044 0.006283
1 0.873120 0.002880 0.013856 0.005759
1 0.934679 0.034555 0.068884 0.041885
1 0.979414 0.006283 0.022961 0.012565
1 0.029295 0.056545 0.050673 0.038743
1 0.089667 0.050785 0.053444 0.040838
1 0.153800 0.055759 0.051861 0.043455
1 0.651227 0.079058 0.014252 0.006283
1 0.709620 0.081152 0.014648 0.006283
1 0.860847 0.096335 0.052652 0.039791
1 0.029691 0.122775 0.056215 0.040314
1 0.160530 0.123298 0.038401 0.038220
1 0.241686 0.122251 0.039984 0.044503
1 0.287213 0.117016 0.027316 0.034031
1 0.339667 0.113351 0.053048 0.036126
1 0.406374 0.108639 0.036025 0.031937
1 0.456453 0.110471 0.043547 0.040838
1 0.517617 0.105497 0.036817 0.034031
1 0.579375 0.105759 0.054236 0.042932
1 0.637371 0.096073 0.039588 0.032984
1 0.695368 0.098691 0.043151 0.030890
1 0.757126 0.103927 0.047110 0.044503
1 0.811164 0.096335 0.027712 0.030366
1 0.932304 0.102880 0.048298 0.042408
1 0.095606 0.126963 0.058195 0.035079
1 0.199921 0.126702 0.021378 0.025131
1 0.616587 0.171728 0.057403 0.035602
1 0.676168 0.169372 0.038005 0.031937
1 0.715558 0.165183 0.024149 0.024607
1 0.772763 0.171990 0.062549 0.048691
1 0.776722 0.146073 0.014252 0.006283
1 0.849762 0.156283 0.061362 0.031937
1 0.919636 0.159162 0.054632 0.039791
1 0.017617 0.194503 0.034442 0.032984
1 0.069082 0.195812 0.043943 0.043979
1 0.133017 0.193194 0.037213 0.032461
1 0.189034 0.193194 0.045527 0.041885
1 0.252573 0.192932 0.042755 0.038220
1 0.295922 0.186649 0.032858 0.024607
1 0.334719 0.184817 0.033650 0.026178
1 0.374307 0.184293 0.032858 0.027225
1 0.439034 0.184031 0.068884 0.040314
1 0.529295 0.181937 0.079177 0.049738
1 0.507720 0.246335 0.036817 0.032984
1 0.574426 0.242147 0.066508 0.043455
1 0.656176 0.233508 0.055028 0.040838
1 0.729414 0.241623 0.066904 0.038220
1 0.808591 0.235340 0.035234 0.029843
1 0.853325 0.234031 0.038401 0.032461
1 0.927158 0.229843 0.072051 0.036649
1 0.899644 0.215445 0.016231 0.006806
1 0.050871 0.286126 0.088282 0.063351
1 0.211006 0.271466 0.049881 0.032984
1 0.273753 0.260995 0.043943 0.037173
1 0.316508 0.259424 0.027316 0.034031
1 0.363618 0.257330 0.045527 0.031937
1 0.406374 0.258377 0.027316 0.030890
1 0.449525 0.259424 0.033650 0.027749
1 0.135392 0.282199 0.067300 0.038743
1 0.427949 0.312565 0.014252 0.006283
1 0.497031 0.334293 0.081156 0.046597
1 0.594616 0.327487 0.076010 0.041361
1 0.668448 0.316230 0.056611 0.028272
1 0.717736 0.314921 0.021378 0.028796
1 0.759699 0.317016 0.052257 0.037173
1 0.826405 0.311257 0.040776 0.046597
1 0.897862 0.314136 0.072051 0.046073
1 0.952890 0.304450 0.014252 0.028796
1 0.014846 0.347382 0.025732 0.030890
1 0.055819 0.355759 0.034046 0.040314
1 0.128068 0.349476 0.079572 0.035079
1 0.211006 0.353927 0.040380 0.035602
1 0.258116 0.339267 0.038005 0.032461
1 0.314727 0.333246 0.043547 0.037173
1 0.381433 0.338743 0.047902 0.033508
1 0.373713 0.320681 0.014252 0.005759
1 0.429137 0.332723 0.021378 0.026702
1 0.770388 0.383246 0.037213 0.038743
1 0.872724 0.373822 0.034442 0.031414
1 0.919438 0.371466 0.039984 0.037173
1 0.973476 0.372251 0.048298 0.048168
1 0.313539 0.410995 0.063341 0.043979
1 0.379454 0.405497 0.039192 0.036126
1 0.439430 0.398429 0.050673 0.032461
1 0.504157 0.401047 0.045527 0.034555
1 0.564133 0.398168 0.034046 0.031937
1 0.623713 0.396073 0.052652 0.035079
1 0.671615 0.392408 0.013856 0.028796
1 0.710610 0.388220 0.057799 0.032984
1 0.823238 0.384031 0.047110 0.027749
1 0.025732 0.413874 0.051465 0.038220
1 0.076801 0.417801 0.028504 0.032461
1 0.108670 0.417016 0.020190 0.023560
1 0.106097 0.400262 0.015044 0.007853
1 0.142122 0.416492 0.021378 0.022513
1 0.215360 0.413089 0.093428 0.039791
1 0.969121 0.461780 0.030087 0.035602
1 0.054632 0.486649 0.107680 0.052880
1 0.146279 0.485864 0.039984 0.035602
1 0.191409 0.482984 0.040776 0.040314
1 0.236144 0.470157 0.028899 0.036649
1 0.286223 0.467801 0.056215 0.031937
1 0.350554 0.468848 0.050277 0.035079
1 0.397070 0.464398 0.019002 0.032461
1 0.433294 0.467539 0.052652 0.035602
1 0.491686 0.475654 0.030087 0.035079
1 0.539786 0.469372 0.032067 0.043455
1 0.592241 0.469895 0.060174 0.031937
1 0.647466 0.472251 0.020190 0.027225
1 0.645883 0.453665 0.013856 0.005759
1 0.705067 0.469895 0.062549 0.031937
1 0.789984 0.467801 0.087490 0.035079
1 0.898060 0.464660 0.093824 0.038220
1 0.810372 0.537958 0.047506 0.032984
1 0.874307 0.535864 0.044735 0.035079
1 0.010293 0.556545 0.013460 0.035602
1 0.133808 0.558377 0.052257 0.034031
1 0.194181 0.560209 0.039192 0.023037
1 0.228622 0.557330 0.029691 0.030890
1 0.286025 0.551047 0.048694 0.034031
1 0.336302 0.552618 0.013856 0.035079
1 0.374307 0.553927 0.044735 0.030366
1 0.438836 0.551309 0.055819 0.035602
1 0.492676 0.552618 0.023357 0.029843
1 0.544537 0.552880 0.047902 0.033508
1 0.619952 0.559424 0.094220 0.038220
1 0.701108 0.550524 0.050673 0.031937
1 0.762272 0.542670 0.027316 0.025654
1 0.927751 0.546073 0.066112 0.042932
1 0.037411 0.567539 0.038401 0.033508
1 0.081750 0.564921 0.028108 0.025131
1 0.963975 0.594503 0.056215 0.039267
1 0.621932 0.620681 0.056215 0.039267
1 0.694181 0.613351 0.052652 0.028796
1 0.771774 0.605759 0.070071 0.034555
1 0.841647 0.606806 0.045131 0.046073
1 0.903405 0.596859 0.053048 0.032461
1 0.945962 0.581675 0.013856 0.007330
1 0.030681 0.630890 0.055819 0.031414
1 0.090657 0.631152 0.019002 0.031937
1 0.134798 0.632723 0.042359 0.029843
1 0.204671 0.630366 0.058591 0.035602
1 0.277118 0.631152 0.038797 0.043455
1 0.329572 0.626702 0.036025 0.034555
1 0.398060 0.631152 0.058987 0.032984
1 0.468527 0.621990 0.043943 0.030366
1 0.540578 0.623037 0.067696 0.037696
1 0.905384 0.675131 0.081552 0.043455
1 0.030681 0.693979 0.055819 0.039267
1 0.011085 0.677487 0.015044 0.008377
1 0.095804 0.695288 0.048298 0.036649
1 0.161322 0.693455 0.053444 0.036126
1 0.226841 0.690838 0.054632 0.042408
1 0.316112 0.695812 0.105701 0.037696
1 0.412312 0.690838 0.067696 0.029843
1 0.489707 0.692147 0.053840 0.038743
1 0.573238 0.687435 0.068092 0.035602
1 0.656572 0.683770 0.070071 0.031414
1 0.738124 0.679058 0.066112 0.029319
1 0.724663 0.660209 0.014648 0.006283
1 0.820071 0.675393 0.068488 0.039791
1 0.431512 0.752618 0.088678 0.042408
1 0.688638 0.747906 0.061362 0.035079
1 0.787807 0.742932 0.100554 0.040838
1 0.767023 0.725393 0.014648 0.006806
1 0.863618 0.739529 0.030483 0.032984
1 0.907165 0.739791 0.040776 0.030366
1 0.963975 0.742408 0.042755 0.034555
1 0.030087 0.777225 0.060174 0.037173
1 0.111045 0.777487 0.079572 0.048168
1 0.198535 0.771728 0.071655 0.039791
1 0.280681 0.772513 0.055424 0.039267
1 0.346002 0.759424 0.049881 0.031937
1 0.511085 0.750262 0.055424 0.033508
1 0.607680 0.759424 0.087094 0.035079
1 0.333135 0.832199 0.061362 0.047644
1 0.564331 0.824607 0.076405 0.037696
1 0.547704 0.804188 0.014648 0.006283
1 0.636975 0.822251 0.041172 0.039267
1 0.691013 0.827749 0.035234 0.033508
1 0.702890 0.806021 0.014648 0.005759
1 0.746437 0.819372 0.051069 0.032461
1 0.814331 0.816754 0.079177 0.047120
1 0.902811 0.812827 0.043151 0.034031
1 0.042162 0.841361 0.083531 0.035602
1 0.153998 0.836911 0.087094 0.034031
1 0.246833 0.829581 0.056611 0.036126
1 0.394299 0.837435 0.034046 0.037173
1 0.407759 0.815445 0.015044 0.006806
1 0.432700 0.828272 0.028504 0.033508
1 0.482977 0.832461 0.051465 0.032461
1 0.891528 0.865445 0.014252 0.008377
1 0.960016 0.879843 0.056215 0.044503
1 0.047704 0.900262 0.069279 0.034031
1 0.123713 0.893194 0.032067 0.031414
1 0.193983 0.890576 0.064925 0.033508
1 0.272565 0.890314 0.065321 0.030890
1 0.356097 0.891361 0.066904 0.034031
1 0.437055 0.894503 0.055424 0.045550
1 0.510887 0.884817 0.058987 0.036649
1 0.595804 0.886911 0.089470 0.045026
1 0.707245 0.888220 0.071655 0.038220
1 0.809580 0.887173 0.072051 0.038220
1 0.894299 0.888482 0.049881 0.041885
1 0.047902 0.959162 0.076010 0.041885
1 0.134006 0.953403 0.035234 0.031414
1 0.186857 0.953665 0.032462 0.032984
1 0.249208 0.954188 0.048694 0.046597
1 0.326405 0.956545 0.075614 0.045026
1 0.487926 0.954188 0.073238 0.037173
1 0.586500 0.953665 0.068488 0.036126
1 0.672803 0.943979 0.066112 0.031414
1 0.760095 0.950262 0.072842 0.036649
1 0.844022 0.949476 0.060966 0.032984
1 0.908749 0.952618 0.052652 0.026702
1 0.960808 0.948953 0.026128 0.025654
1 0.973476 0.924607 0.015044 0.006283
1 0.399248 0.956806 0.046318 0.025654