1 0.389945 0.023403 0.014252 0.007590
1 0.029889 0.059456 0.036025 0.036686
1 0.081750 0.066414 0.054236 0.044276
1 0.155978 0.060721 0.063341 0.039216
1 0.217736 0.062935 0.033254 0.041113
1 0.257324 0.046173 0.015044 0.007590
1 0.279097 0.073688 0.056215 0.038583
1 0.344616 0.063251 0.047110 0.030361
1 0.390340 0.069260 0.019794 0.027198
1 0.431116 0.072739 0.043547 0.046806
1 0.480206 0.080013 0.039588 0.048703
1 0.537213 0.072423 0.050673 0.032258
1 0.583531 0.076534 0.035629 0.040481
1 0.633215 0.087603 0.043151 0.043643
1 0.680721 0.091082 0.036817 0.050601
1 0.730404 0.092030 0.048298 0.029728
1 0.784046 0.081594 0.032858 0.036686
1 0.831948 0.089184 0.047110 0.049336
1 0.891330 0.086654 0.061362 0.035421
1 0.951108 0.085705 0.026524 0.037318
1 0.986342 0.089500 0.027316 0.044908
1 0.032660 0.138836 0.047902 0.039848
1 0.093824 0.142948 0.051465 0.037951
1 0.182502 0.123972 0.014252 0.007590
1 0.352336 0.129349 0.013460 0.006958
1 0.425772 0.145794 0.059778 0.052498
1 0.140934 0.141050 0.022169 0.027830
1 0.193389 0.144529 0.063737 0.034788
1 0.277118 0.153700 0.071259 0.045541
1 0.349960 0.154649 0.056215 0.042378
1 0.496635 0.152435 0.057403 0.041746
1 0.547308 0.145161 0.023357 0.033523
1 0.596793 0.153384 0.056611 0.043643
1 0.678741 0.160025 0.077989 0.040481
1 0.745447 0.154333 0.043547 0.039216
1 0.787807 0.172043 0.031671 0.048071
1 0.828979 0.160974 0.037213 0.036053
1 0.875891 0.163820 0.039984 0.039216
1 0.926564 0.164453 0.041568 0.045541
1 0.974070 0.165085 0.051861 0.040481
1 0.039588 0.220746 0.064925 0.049336
1 0.091845 0.226439 0.039588 0.039216
1 0.146873 0.218216 0.041172 0.044276
1 0.209224 0.222960 0.067696 0.051233
1 0.272169 0.228653 0.045527 0.036053
1 0.316310 0.231183 0.024545 0.038583
1 0.356097 0.228653 0.039192 0.046173
1 0.394299 0.233713 0.041964 0.034788
1 0.459818 0.231183 0.063737 0.051233
1 0.530285 0.234345 0.052652 0.036053
1 0.596595 0.236243 0.064925 0.036053
1 0.667458 0.243833 0.056215 0.041113
1 0.726841 0.241303 0.037213 0.030993
1 0.785629 0.245414 0.062945 0.044276
1 0.852138 0.250791 0.043943 0.037318
1 0.915677 0.248577 0.061758 0.041746
1 0.975851 0.259330 0.048298 0.056926
1 0.029691 0.299178 0.053048 0.041746
1 0.099762 0.300127 0.059382 0.049968
1 0.179335 0.306135 0.061758 0.043011
1 0.245447 0.312777 0.050673 0.044908
1 0.296318 0.314358 0.031275 0.048071
1 0.343230 0.303922 0.048298 0.038583
1 0.390340 0.307084 0.034046 0.038583
1 0.440816 0.306135 0.050277 0.035421
1 0.488915 0.308033 0.026128 0.035421
1 0.516627 0.314991 0.021378 0.025300
1 0.561956 0.324794 0.043151 0.042378
1 0.619161 0.312144 0.050673 0.038583
1 0.674188 0.322897 0.044339 0.039848
1 0.733571 0.325111 0.054632 0.050601
1 0.795922 0.325111 0.054236 0.045541
1 0.842637 0.326059 0.027316 0.036053
1 0.899842 0.334915 0.068884 0.042378
1 0.960610 0.344402 0.032858 0.034788
1 0.030483 0.384567 0.055424 0.036686
1 0.083135 0.382037 0.022961 0.032891
1 0.119161 0.380455 0.030879 0.039848
1 0.167063 0.384883 0.045922 0.038583
1 0.225257 0.389311 0.049089 0.043643
1 0.226049 0.367173 0.014252 0.006958
1 0.288599 0.392789 0.063341 0.049336
1 0.370348 0.384883 0.064529 0.037318
1 0.440618 0.388678 0.057799 0.034788
1 0.509303 0.393106 0.055819 0.042378
1 0.572842 0.398798 0.046714 0.041113
1 0.804038 0.399431 0.033254 0.041113
1 0.645289 0.405123 0.071259 0.049968
1 0.731987 0.407337 0.077593 0.048071
1 0.853325 0.403226 0.052652 0.037318
1 0.911520 0.401012 0.049485 0.036686
1 0.955265 0.404491 0.026128 0.039848
1 0.038401 0.467109 0.064925 0.053763
1 0.108868 0.462049 0.069675 0.041113
1 0.267419 0.465844 0.057403 0.052498
1 0.185669 0.470272 0.076801 0.041113
1 0.326405 0.469956 0.029691 0.039216
1 0.383808 0.469639 0.065321 0.051233
1 0.448931 0.470904 0.045131 0.036053
1 0.497031 0.474067 0.044735 0.057559
1 0.551465 0.470272 0.047506 0.043643
1 0.625099 0.468374 0.060966 0.042378
1 0.707641 0.479443 0.089074 0.045541
1 0.687451 0.458571 0.014648 0.008855
1 0.788797 0.475648 0.040776 0.041746
1 0.847981 0.482922 0.064133 0.039848
1 0.825218 0.457938 0.013856 0.008855
1 0.904988 0.479127 0.041172 0.038583
1 0.955265 0.475332 0.044339 0.038583
1 0.034244 0.547438 0.061362 0.055028
1 0.114608 0.537634 0.079572 0.039216
1 0.193587 0.537951 0.057799 0.037318
1 0.241093 0.544908 0.025337 0.038583
1 0.291766 0.547438 0.060174 0.044908
1 0.364014 0.538583 0.064529 0.038583
1 0.445170 0.539216 0.066112 0.039848
1 0.516429 0.550285 0.058195 0.049336
1 0.574426 0.528463 0.013460 0.006958
1 0.654988 0.555028 0.060570 0.042378
1 0.724070 0.550917 0.044339 0.055661
1 0.792359 0.550917 0.068488 0.037951
1 0.861243 0.553763 0.047902 0.044908
1 0.927158 0.556610 0.057799 0.040481
1 0.582740 0.555345 0.051465 0.035421
1 0.042162 0.630930 0.069279 0.047438
1 0.117775 0.629349 0.058987 0.045541
1 0.188638 0.628083 0.063737 0.040481
1 0.247031 0.627451 0.023753 0.034156
1 0.291766 0.623656 0.031671 0.039216
1 0.335313 0.629032 0.034046 0.043643
1 0.386580 0.631246 0.043943 0.046806
1 0.454473 0.632195 0.072842 0.043643
1 0.538005 0.630297 0.059382 0.042378
1 0.593626 0.634725 0.041568 0.041113
1 0.650040 0.637571 0.048298 0.032891
1 0.698931 0.634725 0.036025 0.037318
1 0.757126 0.637255 0.058195 0.055028
1 0.822447 0.638204 0.053444 0.048071
1 0.874901 0.631879 0.045131 0.044276
1 0.932700 0.631246 0.060174 0.039216
1 0.084323 0.711891 0.035629 0.039848
1 0.134402 0.714105 0.052652 0.041746
1 0.196952 0.713156 0.062945 0.038583
1 0.386975 0.709361 0.056611 0.041113
1 0.718329 0.707464 0.055028 0.042378
1 0.949525 0.713472 0.042359 0.040481
1 0.033650 0.717900 0.054632 0.030361
1 0.252375 0.718216 0.035234 0.036053
1 0.313539 0.726439 0.065717 0.049968
1 0.444378 0.721695 0.032858 0.049336
1 0.497625 0.717268 0.052257 0.032891
1 0.566904 0.718849 0.045922 0.037318
1 0.612233 0.720746 0.036025 0.028463
1 0.654790 0.721695 0.037213 0.035421
1 0.795329 0.717900 0.068092 0.043011
1 0.882225 0.717900 0.073238 0.041746
1 0.628266 0.779570 0.070467 0.042378
1 0.035629 0.798545 0.061758 0.032258
1 0.099169 0.796964 0.042359 0.036686
1 0.142716 0.788109 0.013064 0.030361
1 0.168250 0.792536 0.036421 0.040481
1 0.202890 0.791904 0.022565 0.034156
1 0.234165 0.795383 0.036817 0.033523
1 0.299089 0.800443 0.069279 0.048703
1 0.393508 0.801392 0.093428 0.044276
1 0.488717 0.793169 0.067696 0.039216
1 0.554038 0.779886 0.047110 0.040481
1 0.698535 0.784630 0.055819 0.032258
1 0.761283 0.787160 0.043547 0.029728
1 0.803642 0.796648 0.032462 0.041113
1 0.838678 0.798545 0.026524 0.041113
1 0.892320 0.793801 0.064925 0.037951
1 0.952494 0.793169 0.037213 0.036686
1 0.071655 0.868754 0.014252 0.034788
1 0.253563 0.871917 0.049485 0.037318
1 0.418052 0.864326 0.037213 0.034788
1 0.480206 0.868438 0.066508 0.037951
1 0.557007 0.865908 0.045922 0.037951
1 0.610055 0.866540 0.052257 0.036686
1 0.654592 0.856104 0.014648 0.032258
1 0.758907 0.874130 0.079968 0.054396
1 0.026326 0.877925 0.042359 0.036686
1 0.129454 0.877925 0.087886 0.043011
1 0.201504 0.876977 0.033254 0.034788
1 0.305819 0.878874 0.039984 0.033523
1 0.360451 0.870335 0.055819 0.031626
1 0.687846 0.870335 0.037609 0.032891
1 0.815519 0.876660 0.020586 0.024035
1 0.876683 0.884250 0.079572 0.048071
1 0.948535 0.882037 0.048298 0.044908
1 0.023357 0.952878 0.039588 0.037318
1 0.076603 0.957622 0.039984 0.035421
1 0.119359 0.955092 0.015439 0.030361
1 0.150435 0.957622 0.037213 0.030361
1 0.217933 0.962366 0.068488 0.043643
1 0.286619 0.953510 0.046714 0.041113
1 0.330166 0.956989 0.013460 0.031626
1 0.369952 0.953827 0.054236 0.031626
1 0.418448 0.951297 0.025337 0.034156
1 0.459818 0.945920 0.036025 0.032258
1 0.513262 0.939279 0.041568 0.039216
1 0.565717 0.950032 0.035629 0.039216
1 0.608076 0.943707 0.032462 0.031626
1 0.658353 0.941809 0.045922 0.037951
1 0.739707 0.951613 0.085115 0.049968
1 0.815123 0.950348 0.038005 0.042378
1 0.855503 0.949715 0.025337 0.034788
1 0.898654 0.957622 0.032462 0.034156
1 0.948931 0.958571 0.053840 0.046173